chr1	384	1874	0.006040
chr1	1913	3016	0.002720
chr1	3016	4119	0.003626
chr1	4124	6544	0.006198
chr1	7839	8042	0.000000
chr1	8554	9822	0.006309
chr1	9856	10059	0.000000
chr1	10079	11620	0.006489
chr1	11584	12411	0.007255
chr1	12827	13066	0.020921
chr1	13393	15780	0.005865
chr1	20887	21441	0.005415
chr1	21438	22046	0.003289
chr1	22101	22988	0.012401
chr1	23116	23382	0.000000
chr1	23487	23963	0.012605
chr1	23942	24733	0.011378
chr1	24904	25554	0.016923
chr1	30120	31157	0.007715
chr1	31239	32354	0.010762
chr1	32432	32989	0.010772
chr1	34144	35103	0.003128
chr1	35248	36072	0.004854
chr1	36079	36429	0.005714
chr1	40818	41738	0.009783
chr1	41852	42754	0.011086
chr1	45666	46292	0.009585
chr1	48767	50203	0.005571
chr1	52431	53318	0.011274
chr1	53384	53599	0.009302
chr1	54834	55418	0.003425
chr1	58014	58418	0.002475
chr1	60021	60566	0.016514
chr1	60559	61935	0.014535
chr1	62035	62934	0.007786
chr1	67246	68268	0.014677
chr1	68387	68491	0.009615
chr1	68488	68877	0.012853
chr1	68959	69951	0.011089
chr1	74874	75902	0.017510
chr1	75954	77048	0.006399
chr1	77378	78259	0.009081
chr1	79575	80999	0.002809
chr1	81012	81140	0.007812
chr1	81539	82615	0.012082
chr1	84311	84943	0.007911
chr1	84963	85259	0.020270
chr1	86390	87829	0.010424
chr1	88230	89219	0.008089
chr1	89247	89690	0.006772
chr1	90823	91752	0.005382
chr1	92811	93911	0.008182
chr1	93916	95499	0.003159
chr1	95510	96058	0.007299
chr1	96070	96966	0.008929
chr1	97248	97979	0.010944
chr1	97954	98532	0.024221
chr1	98587	99633	0.016252
chr1	99653	100552	0.007786
chr1	100561	101193	0.009494
chr1	102790	105585	0.002862
chr1	106917	107207	0.013793
chr1	107258	107863	0.013223
chr1	108214	108840	0.007987
chr1	108860	109732	0.011468
chr1	109738	111600	0.009667
chr1	112434	113024	0.011864
chr1	113021	113803	0.005115
chr1	114396	114497	0.009901
chr1	114788	115756	0.005165
chr1	115922	118207	0.005252
chr1	118495	120162	0.004799
chr1	120229	121062	0.007203
chr1	121225	121953	0.002747
chr1	122089	122997	0.008811
chr1	123287	124183	0.006696
chr1	133943	134716	0.007762
chr1	135229	136365	0.010563
chr1	136471	137583	0.008094
chr1	137851	138981	0.007080
chr1	144365	145216	0.003525
chr1	145248	145898	0.003077
chr1	145909	146568	0.004552
chr1	146579	147376	0.005019
chr1	147489	148442	0.010493
chr1	148915	150129	0.004119
chr1	150135	151337	0.009151
chr1	151330	152046	0.005587
chr1	153557	154432	0.003429
chr1	157519	157917	0.007538
chr1	158460	159968	0.007294
chr1	159961	160764	0.007472
chr1	161924	163375	0.004824
chr1	163533	164813	0.009375
chr1	165667	167160	0.005358
chr1	167353	168510	0.006050
chr1	170050	170403	0.005666
chr1	171252	172550	0.007704
chr1	172590	172937	0.000000
chr1	173126	174199	0.008388
chr1	174460	175008	0.012774
chr1	175122	175544	0.007109
chr1	179352	181019	0.006599
chr1	182603	183523	0.005435
chr1	183559	184842	0.006235
chr1	187289	187627	0.008876
chr1	187663	187881	0.000000
chr1	187962	189212	0.003200
chr1	189311	189736	0.004706
chr1	189813	190136	0.003096
chr1	190713	192038	0.007547
chr1	197011	198048	0.018322
chr1	198117	198449	0.000000
chr1	198439	198627	0.005319
chr1	198747	199154	0.004914
chr1	205606	206688	0.009242
chr1	206685	207431	0.010724
chr1	207525	208463	0.010661
chr1	208460	209227	0.009126
chr1	209240	210373	0.007061
chr1	210370	211617	0.008821
chr1	211769	212260	0.006110
chr1	212497	212970	0.008457
chr1	214027	214899	0.008028
chr1	216944	218857	0.014114
chr1	218857	219396	0.012987
chr1	219460	220092	0.001582
chr1	220453	220902	0.028953
chr1	222595	223869	0.010989
chr1	224726	225739	0.004936
chr1	225759	227942	0.005955
chr1	228241	229614	0.010197
chr1	232250	232765	0.013592
chr1	232937	233263	0.009202
chr1	233570	234829	0.010326
chr1	235148	236614	0.012960
chr1	236614	237582	0.008264
chr1	238884	239288	0.019802
chr1	246952	247083	0.000000
chr1	248896	249450	0.014440
chr1	249469	250803	0.006747
chr1	250808	251992	0.003378
chr1	252009	253226	0.011504
chr1	253338	254339	0.007992
chr1	254434	256050	0.007426
chr1	256428	257510	0.012939
chr1	257605	257994	0.005141
chr1	258317	258631	0.009554
chr1	258711	259061	0.005714
chr1	259064	259483	0.007160
chr1	259498	259686	0.010638
chr1	259804	260793	0.005056
chr1	266958	267362	0.002475
chr1	267480	268838	0.004418
chr1	268957	270330	0.006555
chr1	270462	271559	0.003646
chr1	271766	272857	0.002750
chr1	272910	274064	0.000000
chr1	274061	274969	0.002203
chr1	275138	276025	0.006764
chr1	277793	278470	0.007386
chr1	278510	279811	0.006149
chr1	279880	281046	0.005146
chr1	281216	282514	0.008475
chr1	287599	288336	0.020353
chr1	288440	289756	0.012158
chr1	290085	291050	0.005181
chr1	292560	292988	0.018692
chr1	294084	294971	0.012401
chr1	295129	296670	0.008436
chr1	296899	298821	0.004683
chr1	302683	302991	0.006494
chr1	307420	307857	0.011442
chr1	308723	309289	0.007067
chr1	309286	310104	0.006112
chr1	318483	318890	0.004914
chr1	318937	319302	0.002740
chr1	319348	319881	0.005629
chr1	319966	322002	0.008841
chr1	322045	322923	0.011390
chr1	322949	330205	0.015160
chr1	330202	331221	0.010795
chr1	331232	331702	0.012766
chr1	335924	336469	0.012844
chr1	336528	337103	0.005217
chr1	344141	344761	0.006452
chr1	349797	351284	0.009415
chr1	351355	352644	0.003879
chr1	352742	353128	0.000000
chr1	353300	354889	0.012587
chr1	355001	355450	0.020045
chr1	363343	363765	0.047393
chr1	363876	365876	0.019000
chr1	365979	367097	0.006261
chr1	367184	368344	0.010345
chr1	368448	368633	0.000000
chr1	368646	368972	0.006135
chr1	369096	370160	0.014098
chr1	371289	371765	0.006303
chr1	371779	372879	0.007273
chr1	372928	373419	0.010183
chr1	378930	380168	0.008885
chr1	380254	380535	0.010676
chr1	380555	380842	0.003484
chr1	380839	381522	0.011713
chr1	382018	382557	0.003711
chr1	382602	383237	0.017323
chr1	385152	385883	0.006840
chr1	400662	401756	0.005484
chr1	411317	414931	0.010515
chr1	414928	416271	0.006701
chr1	416459	418159	0.006471
chr1	418195	419202	0.005958
chr1	419202	419699	0.010060
chr1	419870	420121	0.000000
chr1	420134	420676	0.009225
chr1	421347	422318	0.005149
chr1	422315	422752	0.011442
chr1	428863	429138	0.010909
chr1	429361	429807	0.000000
chr1	429818	430606	0.003807
chr1	439955	440836	0.009081
chr1	445858	446070	0.000000
chr1	446097	446897	0.006250
chr1	446894	448330	0.008357
chr1	448434	449702	0.008675
chr1	452385	453344	0.003128
chr1	453423	454514	0.002750
chr1	454777	455349	0.003497
chr1	455346	455969	0.003210
chr1	455966	456490	0.005725
chr1	456546	458666	0.003302
chr1	458699	459190	0.004073
chr1	459242	460345	0.005440
chr1	460356	461933	0.001902
chr1	462172	466620	0.003597
chr1	466655	468073	0.005642
chr1	470258	471625	0.007315
chr1	471625	472461	0.005981
chr1	472466	473374	0.007709
chr1	473367	473807	0.002273
chr1	473911	474978	0.003749
chr1	475088	476419	0.009767
chr1	477050	477820	0.003896
chr1	492073	492930	0.010502
chr1	498492	499025	0.005629
chr1	504550	507492	0.009517
chr1	507556	508479	0.008667
chr1	508683	509726	0.007670
chr1	509728	510732	0.008964
chr1	510742	511866	0.009786
chr1	511863	512696	0.014406
chr1	512689	513426	0.006784
chr1	513423	514172	0.006676
chr1	514169	515614	0.013149
chr1	515714	517471	0.005692
chr1	517455	518378	0.006501
chr1	518375	519328	0.012592
chr1	519338	520210	0.011468
chr1	520471	520881	0.017073
chr1	520878	521915	0.004822
chr1	521998	523137	0.009658
chr1	523851	525665	0.002756
chr1	525705	527126	0.011963
chr1	539098	540546	0.010359
chr1	543233	543565	0.012048
chr1	543662	544837	0.013617
chr1	544834	545643	0.007417
chr1	545789	546697	0.007709
chr1	548470	549684	0.016474
chr1	557453	558304	0.004700
chr1	558308	559303	0.014070
chr1	560416	561210	0.005038
chr1	561240	561782	0.009225
chr1	563019	564491	0.005435
chr1	564473	564946	0.006342
chr1	564957	566384	0.007008
chr1	566393	568264	0.014965
chr1	568315	569286	0.009269
chr1	569387	569647	0.007692
chr1	569660	570961	0.009224
chr1	571059	572228	0.009410
chr1	572228	573097	0.011507
chr1	573203	573388	0.010811
chr1	573426	574613	0.010110
chr1	574670	575965	0.002317
chr1	576746	578104	0.004418
chr1	578245	578517	0.007353
chr1	578514	580178	0.005409
chr1	580768	583263	0.004810
chr1	583260	584024	0.005236
chr1	584740	585162	0.007109
chr1	585191	585421	0.000000
chr1	585458	586351	0.006719
chr1	586373	586819	0.004484
chr1	586937	588331	0.005739
chr1	588491	589567	0.004647
chr1	592004	594295	0.010476
chr1	594523	597816	0.008807
chr1	597929	600415	0.008850
chr1	600412	601305	0.014558
chr1	609651	610322	0.016393
chr1	610283	610741	0.015284
chr1	610738	611436	0.005731
chr1	614124	615020	0.005580
chr1	621178	622101	0.005417
chr1	622181	622954	0.005175
chr1	623008	623763	0.007947
chr1	623964	624335	0.010782
chr1	624463	625335	0.004587
chr1	625405	625671	0.003759
chr1	625746	626189	0.009029
chr1	626291	626836	0.014679
chr1	631098	631811	0.007013
chr1	633653	634576	0.009751
chr1	636231	637016	0.011465
chr1	665090	666151	0.009425
chr1	666151	666687	0.011194
chr1	667038	667466	0.011682
chr1	667588	669501	0.010978
chr1	671632	676530	0.006942
chr1	676718	677062	0.005814
chr1	677144	679465	0.009479
chr1	684583	686022	0.004864
chr1	686025	687032	0.012910
chr1	687229	687375	0.000000
chr1	687446	687877	0.006961
chr1	687904	688200	0.027027
chr1	688200	689519	0.008340
chr1	691501	692277	0.007732
chr1	693544	693792	0.000000
chr1	693861	694139	0.003597
chr1	694970	696328	0.005891
chr1	696576	696722	0.013699
chr1	697459	697890	0.009281
chr1	698000	698506	0.005929
chr1	704629	706293	0.006611
chr1	713355	714044	0.010160
chr1	714151	714366	0.009302
chr1	719642	720076	0.013825
chr1	720871	721401	0.003774
chr1	722284	722682	0.005025
chr1	722660	723094	0.011521
chr1	726267	726686	0.009547
chr1	726683	727012	0.006079
chr1	729016	731316	0.005217
chr1	731572	732123	0.001815
chr1	732126	732959	0.018007
chr1	733352	735382	0.008867
chr1	736631	738688	0.006320
chr1	739967	742828	0.009787
chr1	742828	743748	0.013043
chr1	743761	745488	0.014476
chr1	745636	747816	0.012844
chr1	749568	750539	0.010299
chr1	753062	755665	0.018440
chr1	756102	757265	0.013758
chr1	757498	759792	0.015693
chr1	759936	760604	0.002994
chr1	760667	761779	0.006295
chr1	764589	765332	0.012113
chr1	765322	765705	0.010444
chr1	765850	766737	0.007892
chr1	770257	770454	0.015228
chr1	771306	771794	0.012295
chr1	771757	772476	0.013908
chr1	773236	773412	0.017045
chr1	777766	778938	0.006826
chr1	787921	789174	0.013567
chr1	789190	789750	0.010714
chr1	790006	790947	0.005313
chr1	796873	797910	0.005786
chr1	798042	799016	0.004107
chr1	799016	799504	0.002049
chr1	799553	800155	0.018272
chr1	800260	801717	0.010295
chr1	801735	805556	0.010468
chr1	805606	806454	0.005896
chr1	806457	807899	0.008322
chr1	808568	809914	0.009658
chr1	817505	817660	0.000000
chr1	817647	817970	0.000000
chr1	822269	823429	0.007759
chr1	823520	824266	0.014745
chr1	824260	825027	0.015645
chr1	825030	827006	0.006073
chr1	828024	829661	0.009774
chr1	829884	830525	0.006240
chr1	830522	832171	0.007277
chr1	834815	837472	0.008280
chr1	838309	838560	0.003984
chr1	838560	838985	0.002353
chr1	839095	840630	0.005212
chr1	840627	841169	0.003690
chr1	841180	842322	0.005254
chr1	842325	842987	0.007553
chr1	842962	843576	0.004886
chr1	843621	844490	0.001151
chr1	844490	844789	0.006689
chr1	848719	849402	0.008785
chr1	849500	850972	0.009511
chr1	851232	851666	0.002304
chr1	853594	854268	0.005935
chr1	857525	860059	0.013418
chr1	860067	860873	0.003722
chr1	862881	863120	0.000000
chr1	863153	863998	0.007101
chr1	865795	866274	0.010438
chr1	866405	867004	0.005008
chr1	867148	868497	0.011119
chr1	870778	871911	0.015887
chr1	874076	874636	0.007143
chr1	874633	876222	0.015733
chr1	876377	877246	0.003452
chr1	877243	877836	0.010118
chr1	883937	884584	0.012365
chr1	886589	887503	0.007659
chr1	887610	888005	0.002532
chr1	888087	888902	0.011043
chr1	889032	889526	0.002024
chr1	889592	889900	0.012987
chr1	890430	890660	0.021739
chr1	890905	891171	0.011278
chr1	891171	891707	0.003731
chr1	907745	909091	0.009658
chr1	909199	910695	0.010695
chr1	911181	911648	0.004283
chr1	911594	912007	0.014528
chr1	917619	918377	0.005277
chr1	919911	920222	0.009646
chr1	920259	920516	0.023346
chr1	920683	921903	0.015574
chr1	921985	923103	0.012522
chr1	923113	923574	0.021692
chr1	926145	926729	0.006849
chr1	927272	927547	0.007273
chr1	929043	929225	0.021978
chr1	929225	929485	0.003846
chr1	929513	930130	0.004862
chr1	932544	933365	0.007308
chr1	937062	937691	0.012719
chr1	939103	940785	0.006540
chr1	941003	942802	0.006670
chr1	942833	944200	0.004389
chr1	944520	947261	0.012039
chr1	947261	947422	0.024845
chr1	948647	949453	0.007444
chr1	949645	949836	0.000000
chr1	949836	950483	0.013910
chr1	950548	951216	0.007485
chr1	951361	952017	0.001524
chr1	952264	952647	0.005222
chr1	952654	952866	0.000000
chr1	958114	958599	0.004124
chr1	958933	959418	0.008247
chr1	959553	960290	0.009498
chr1	960410	962974	0.007800
chr1	968102	968869	0.006519
chr1	969667	971070	0.002138
chr1	971076	971510	0.006912
chr1	971503	971823	0.009375
chr1	972506	972910	0.007426
chr1	975025	975594	0.005272
chr1	975694	977610	0.004697
chr1	977746	978873	0.009760
chr1	978936	979739	0.009963
chr1	979797	980528	0.002736
chr1	982223	983371	0.002613
chr1	983408	986629	0.003105
chr1	986626	987102	0.002101
chr1	987080	987520	0.002273
chr1	987949	988572	0.004815
chr1	988736	990658	0.004683
chr1	990667	991518	0.001175
chr1	991532	992869	0.005236
chr1	992935	993690	0.002649
chr1	993694	994071	0.018568
chr1	994468	994926	0.015284
chr1	995087	996568	0.004727
chr1	996595	999081	0.006838
chr1	999191	999583	0.005102
chr1	999587	1000507	0.009783
chr1	1000678	1000947	0.003717
chr1	1001119	1003224	0.009501
chr1	1003807	1005132	0.009057
chr1	1005284	1006801	0.015162
chr1	1025033	1026214	0.011008
chr1	1026204	1026911	0.009901
chr1	1029824	1030888	0.004699
chr1	1030906	1031805	0.016685
chr1	1031802	1032842	0.013462
chr1	1032842	1033609	0.020860
chr1	1033625	1034509	0.016968
chr1	1034571	1034978	0.002457
chr1	1038708	1040975	0.015439
chr1	1041019	1041723	0.007102
chr1	1041723	1042052	0.006079
chr1	1042908	1044632	0.005220
chr1	1044634	1045125	0.004073
chr1	1045701	1047026	0.011321
chr1	1047623	1048948	0.003019
chr1	1050035	1051051	0.001969
chr1	1051199	1052014	0.002454
chr1	1052081	1053091	0.003960
chr1	1053091	1053717	0.001597
chr1	1059685	1060344	0.003035
chr1	1060331	1060948	0.004862
chr1	1060941	1063241	0.005217
chr1	1068678	1069775	0.005469
chr1	1069902	1071140	0.006462
chr1	1071294	1072079	0.003822
chr1	1072112	1072564	0.006637
chr1	1075628	1077178	0.015484
chr1	1079157	1081523	0.009721
chr1	1081786	1082772	0.013185
chr1	1082836	1083138	0.003311
chr1	1083727	1084671	0.008475
chr1	1092631	1093659	0.012646
chr1	1093899	1095083	0.007601
chr1	1095093	1096190	0.006381
chr1	1096286	1097047	0.003942
chr1	1097595	1098548	0.007345
chr1	1099276	1100031	0.010596
chr1	1100028	1100327	0.020067
chr1	1100374	1101309	0.013904
chr1	1106986	1108065	0.006487
chr1	1113058	1113477	0.014320
chr1	1113474	1114694	0.009016
chr1	1115952	1116269	0.003155
chr1	1116266	1116907	0.003120
chr1	1117009	1117968	0.006257
chr1	1118107	1118952	0.003550
chr1	1118945	1120081	0.017606
chr1	1120783	1121136	0.005666
chr1	1121500	1121931	0.002320
chr1	1123105	1124115	0.002970
chr1	1134744	1135211	0.008565
chr1	1135335	1135820	0.004124
chr1	1138329	1139798	0.007488
chr1	1139874	1141451	0.004439
chr1	1141655	1141858	0.000000
chr1	1142370	1143638	0.015773
chr1	1143672	1143875	0.014778
chr1	1143895	1145412	0.006592
chr1	1145498	1146868	0.005839
chr1	1146910	1147386	0.010504
chr1	1149514	1153410	0.009754
chr1	1153839	1154108	0.003717
chr1	1154265	1154582	0.006309
chr1	1155944	1156549	0.011570
chr1	1156571	1157098	0.003795
chr1	1157085	1157291	0.000000
chr1	1157313	1158494	0.003387
chr1	1158491	1159225	0.004087
chr1	1161452	1162831	0.016679
chr1	1162973	1163224	0.007968
chr1	1163233	1163769	0.013060
chr1	1163775	1164518	0.013459
chr1	1164561	1164911	0.014286
chr1	1164993	1165406	0.007264
chr1	1165498	1166394	0.013393
chr1	1166514	1167239	0.012414
chr1	1167602	1168906	0.005368
chr1	1168964	1170373	0.008517
chr1	1171044	1171592	0.003650
chr1	1171847	1172386	0.003711
chr1	1172459	1174168	0.008192
chr1	1174335	1175060	0.004138
chr1	1177027	1178673	0.004860
chr1	1178820	1179380	0.005357
chr1	1179332	1179754	0.007109
chr1	1180114	1181028	0.003282
chr1	1181144	1182646	0.006658
chr1	1182980	1183693	0.014025
chr1	1183737	1184297	0.003571
chr1	1184306	1185595	0.003879
chr1	1185660	1186430	0.009091
chr1	1186420	1187313	0.007839
chr1	1187310	1187633	0.006192
chr1	1188630	1191266	0.004552
chr1	1191489	1192136	0.010819
chr1	1192317	1193078	0.010512
chr1	1193456	1194139	0.013177
chr1	1194253	1194597	0.008721
chr1	1194651	1195520	0.002301
chr1	1195533	1196234	0.005706
chr1	1197344	1198135	0.003793
chr1	1198867	1199970	0.009066
chr1	1199977	1203051	0.013012
chr1	1206671	1207141	0.004255
chr1	1207215	1208720	0.009302
chr1	1208831	1209637	0.008685
chr1	1212044	1214152	0.005693
chr1	1214374	1214700	0.012270
chr1	1218700	1219071	0.010782
chr1	1219155	1219907	0.014628
chr1	1220345	1220596	0.015936
chr1	1220662	1222137	0.021017
chr1	1227238	1227807	0.021090
chr1	1227762	1228640	0.009112
chr1	1231066	1231638	0.000000
chr1	1231649	1232554	0.012155
chr1	1234977	1236272	0.007722
chr1	1236275	1236919	0.007764
chr1	1246300	1247748	0.011050
chr1	1248491	1249462	0.006179
chr1	1249506	1249931	0.011765
chr1	1249943	1250113	0.000000
chr1	1252200	1253675	0.003390
chr1	1255263	1256018	0.006623
chr1	1257964	1258254	0.000000
chr1	1262101	1262811	0.011268
chr1	1262811	1263140	0.006079
chr1	1267497	1268462	0.004145
chr1	1269707	1270156	0.008909
chr1	1270344	1271120	0.002577
chr1	1271117	1272010	0.004479
chr1	1272003	1272533	0.003774
chr1	1272640	1272918	0.021583
chr1	1273030	1273941	0.007684
chr1	1274175	1274756	0.003442
chr1	1274911	1275213	0.016556
chr1	1282074	1283120	0.010516
chr1	1283697	1284287	0.005085
chr1	1284284	1285168	0.004525
chr1	1285174	1286283	0.009919
chr1	1286928	1287902	0.007187
chr1	1288713	1290077	0.003666
chr1	1292236	1293363	0.007986
chr1	1293356	1294294	0.003198
chr1	1294355	1295128	0.006468
chr1	1297856	1298230	0.005348
chr1	1298304	1298726	0.014218
chr1	1298786	1299142	0.005618
chr1	1300061	1301083	0.005871
chr1	1301237	1301479	0.004132
chr1	1303110	1303604	0.010121
chr1	1307519	1309813	0.010462
chr1	1310074	1311609	0.016287
chr1	1311602	1314142	0.014961
chr1	1314334	1314864	0.007547
chr1	1317254	1318147	0.011198
chr1	1318186	1318380	0.005155
chr1	1321356	1322492	0.014965
chr1	1322489	1323823	0.020990
chr1	1324008	1324865	0.011669
chr1	1324867	1325673	0.008685
chr1	1325670	1326371	0.012839
chr1	1326630	1328117	0.008742
chr1	1328309	1328929	0.009677
chr1	1329167	1329865	0.014327
chr1	1333102	1333992	0.021348
chr1	1333989	1334774	0.015287
chr1	1338455	1339156	0.007133
chr1	1339240	1340385	0.004367
chr1	1340859	1341701	0.005938
chr1	1341973	1342299	0.000000
chr1	1344013	1344801	0.012690
chr1	1344818	1346296	0.019621
chr1	1346312	1347217	0.013260
chr1	1349934	1350827	0.011198
chr1	1353671	1353883	0.000000
chr1	1353859	1354011	0.000000
chr1	1354147	1354596	0.008909
chr1	1355834	1356691	0.000000
chr1	1357446	1357754	0.016234
chr1	1359996	1360640	0.000000
chr1	1361263	1361676	0.009685
chr1	1367461	1367868	0.004914
chr1	1368154	1368930	0.007732
chr1	1369813	1370679	0.005774
chr1	1371722	1372057	0.000000
chr1	1372041	1372232	0.005236
chr1	1379396	1380040	0.007764
chr1	1380143	1380904	0.006570
chr1	1380915	1382522	0.009956
chr1	1384103	1385977	0.013340
chr1	1388732	1390201	0.008169
chr1	1390188	1390901	0.002805
chr1	1390903	1391574	0.010432
chr1	1391716	1393638	0.009886
chr1	1400688	1402241	0.006439
chr1	1404199	1405026	0.006046
chr1	1405202	1405336	0.000000
chr1	1405333	1406364	0.008729
chr1	1406375	1407727	0.008136
chr1	1407742	1408944	0.014975
chr1	1409054	1409875	0.024361
chr1	1410005	1411000	0.002010
chr1	1413840	1414760	0.004348
chr1	1414878	1415195	0.009464
chr1	1415408	1417369	0.009179
chr1	1417817	1418617	0.008750
chr1	1419610	1420035	0.002353
chr1	1426170	1426721	0.001815
chr1	1429026	1430387	0.002939
chr1	1430618	1431274	0.006098
chr1	1436718	1437704	0.006085
chr1	1437760	1438494	0.009537
chr1	1438484	1439926	0.006935
chr1	1440126	1441379	0.012769
chr1	1441612	1442520	0.011013
chr1	1442513	1443418	0.015470
chr1	1443443	1444588	0.013100
chr1	1444728	1445966	0.005654
chr1	1449777	1451444	0.011398
chr1	1451441	1451959	0.013514
chr1	1451956	1452309	0.008499
chr1	1452306	1452989	0.007321
chr1	1453288	1454895	0.011201
chr1	1455335	1456702	0.004389
chr1	1457214	1457906	0.001445
chr1	1462128	1462307	0.016760
chr1	1463699	1465576	0.011721
chr1	1466395	1466532	0.007299
chr1	1467833	1469428	0.007524
chr1	1469431	1471122	0.007096
chr1	1471123	1472718	0.011285
chr1	1473836	1474753	0.005453
chr1	1474846	1475778	0.005365
chr1	1475906	1476712	0.017370
chr1	1479125	1481050	0.011948
chr1	1481069	1481755	0.008746
chr1	1483925	1486072	0.013041
chr1	1486103	1487278	0.008511
chr1	1487353	1487595	0.008264
chr1	1487839	1490445	0.005372
chr1	1490574	1491092	0.009653
chr1	1491173	1491409	0.000000
chr1	1492796	1493503	0.014144
chr1	1493557	1494084	0.005693
chr1	1494097	1495095	0.006012
chr1	1495106	1495843	0.013569
chr1	1500106	1501572	0.006821
chr1	1501877	1503214	0.006731
chr1	1503218	1504429	0.006606
chr1	1504422	1505210	0.008883
chr1	1505213	1505881	0.007485
chr1	1505881	1506489	0.000000
chr1	1506505	1507728	0.008994
chr1	1507732	1508757	0.001951
chr1	1508754	1508984	0.000000
chr1	1509081	1510475	0.002869
chr1	1510689	1510859	0.000000
chr1	1510911	1511114	0.004926
chr1	1511626	1512894	0.007098
chr1	1512928	1513131	0.000000
chr1	1513151	1513369	0.004587
chr1	1517740	1518240	0.016000
chr1	1518328	1519371	0.006711
chr1	1519428	1519844	0.007212
chr1	1520884	1521105	0.004525
chr1	1521192	1522214	0.003914
chr1	1522940	1525120	0.007339
chr1	1526880	1527221	0.035191
chr1	1533593	1534255	0.006042
chr1	1539829	1541076	0.008821
chr1	1541069	1541782	0.005610
chr1	1541782	1543026	0.007235
chr1	1543715	1545940	0.008989
chr1	1545997	1546629	0.009494
chr1	1546626	1547054	0.004673
chr1	1547056	1548057	0.008991
chr1	1548080	1548265	0.016216
chr1	1548266	1549030	0.005236
chr1	1549030	1549494	0.004310
chr1	1549491	1550510	0.009814
chr1	1554286	1555239	0.007345
chr1	1555232	1555927	0.015827
chr1	1555917	1556894	0.008188
chr1	1557923	1558450	0.000000
chr1	1558464	1558646	0.005495
chr1	1558680	1559660	0.007143
chr1	1559931	1560869	0.005330
chr1	1560885	1561628	0.013459
chr1	1561857	1562093	0.008475
chr1	1562205	1563449	0.007235
chr1	1563449	1564264	0.011043
chr1	1564268	1565323	0.012322
chr1	1565333	1565965	0.011076
chr1	1565958	1566950	0.006048
chr1	1567077	1567433	0.005618
chr1	1567548	1568336	0.002538
chr1	1569896	1570519	0.004815
chr1	1570599	1571567	0.004132
chr1	1571836	1572729	0.001120
chr1	1572803	1573405	0.001661
chr1	1573510	1574079	0.001757
chr1	1574155	1574580	0.002353
chr1	1574896	1576563	0.004799
chr1	1576643	1577032	0.002571
chr1	1577110	1577655	0.001835
chr1	1580943	1581410	0.008565
chr1	1582522	1584225	0.008221
chr1	1585868	1586800	0.010730
chr1	1586806	1587153	0.028818
chr1	1587150	1587338	0.010638
chr1	1587884	1588657	0.009056
chr1	1588836	1589525	0.007257
chr1	1589522	1590220	0.002865
chr1	1590225	1591013	0.010152
chr1	1591069	1592049	0.005102
chr1	1592469	1593689	0.008197
chr1	1593863	1594879	0.011811
chr1	1594961	1595977	0.013780
chr1	1596041	1597504	0.009569
chr1	1597504	1598850	0.012630
chr1	1598877	1599155	0.010791
chr1	1599248	1600261	0.000987
chr1	1600422	1601426	0.005976
chr1	1601766	1604390	0.012957
chr1	1604493	1605731	0.006462
chr1	1605922	1606107	0.005405
chr1	1607404	1608771	0.005852
chr1	1609683	1611125	0.007628
chr1	1612241	1613065	0.007282
chr1	1613116	1614117	0.003996
chr1	1614200	1614991	0.006321
chr1	1615012	1615734	0.012465
chr1	1615746	1616195	0.004454
chr1	1616195	1616806	0.006547
chr1	1616806	1617882	0.013011
chr1	1617882	1618751	0.004603
chr1	1618748	1619557	0.011125
chr1	1619641	1620357	0.008380
chr1	1620347	1621492	0.006987
chr1	1621492	1622073	0.015491
chr1	1622064	1622828	0.024869
chr1	1625834	1626331	0.016097
chr1	1626343	1626636	0.006826
chr1	1626833	1627771	0.008529
chr1	1627775	1628407	0.009494
chr1	1628400	1630181	0.007299
chr1	1631500	1632594	0.016453
chr1	1632599	1633738	0.007902
chr1	1633822	1634805	0.010173
chr1	1634896	1635546	0.007692
chr1	1635636	1637096	0.006164
chr1	1637386	1639338	0.010246
chr1	1639958	1640194	0.008475
chr1	1646121	1647017	0.008929
chr1	1647970	1649055	0.025806
chr1	1653368	1654078	0.016901
chr1	1654075	1655412	0.008227
chr1	1655511	1656416	0.006630
chr1	1656416	1657774	0.006627
chr1	1658052	1660295	0.011146
chr1	1660389	1661345	0.015690
chr1	1661518	1662057	0.007421
chr1	1664187	1665326	0.012291
chr1	1665376	1665612	0.008475
chr1	1669830	1670642	0.006158
chr1	1673246	1673785	0.003711
chr1	1673815	1674996	0.005080
chr1	1675148	1675780	0.004747
chr1	1675866	1676390	0.005725
chr1	1676401	1676721	0.006250
chr1	1677332	1677943	0.016367
chr1	1677943	1679235	0.007740
chr1	1679232	1679885	0.006126
chr1	1679889	1680797	0.008811
chr1	1680790	1681800	0.005941
chr1	1681800	1683248	0.003453
chr1	1683338	1683859	0.001919
chr1	1683856	1684911	0.005687
chr1	1684911	1685483	0.010490
chr1	1685480	1686211	0.004104
chr1	1686285	1686689	0.012376
chr1	1686742	1687947	0.007469
chr1	1688132	1688683	0.012704
chr1	1689018	1689278	0.015385
chr1	1689291	1690901	0.005590
chr1	1690883	1691038	0.000000
chr1	1695180	1696517	0.009723
chr1	1696647	1697327	0.004412
chr1	1698831	1699952	0.006244
chr1	1700122	1700415	0.010239
chr1	1700419	1701351	0.002146
chr1	1701535	1701984	0.006682
chr1	1702086	1703312	0.005710
chr1	1704283	1704597	0.012739
chr1	1706802	1707275	0.004228
chr1	1707339	1707785	0.002242
chr1	1707790	1708563	0.002587
chr1	1708568	1709092	0.001908
chr1	1709765	1710007	0.008264
chr1	1716748	1717236	0.002049
chr1	1717261	1717719	0.008734
chr1	1721280	1721762	0.018672
chr1	1721814	1722794	0.004082
chr1	1722781	1723881	0.014545
chr1	1723893	1724453	0.005357
chr1	1724446	1725468	0.004892
chr1	1725470	1725787	0.003155
chr1	1725827	1727092	0.003162
chr1	1727215	1728933	0.009313
chr1	1729021	1729149	0.000000
chr1	1733034	1733810	0.009021
chr1	1734383	1734955	0.006993
chr1	1735056	1737905	0.008775
chr1	1737922	1739352	0.015385
chr1	1739380	1741266	0.007953
chr1	1741259	1743862	0.004994
chr1	1744125	1744595	0.014894
chr1	1744603	1745568	0.012435
chr1	1745591	1746745	0.013865
chr1	1747299	1747490	0.000000
chr1	1747492	1748259	0.007823
chr1	1753633	1753953	0.003125
chr1	1754112	1757525	0.009962
chr1	1757522	1761151	0.009645
chr1	1761148	1763178	0.008374
chr1	1769217	1769420	0.000000
chr1	1769932	1771200	0.003943
chr1	1771234	1771437	0.000000
chr1	1771458	1771868	0.009756
chr1	1775809	1776885	0.012082
chr1	1777610	1780378	0.004697
chr1	1780506	1781612	0.007233
chr1	1781612	1782718	0.003617
chr1	1782921	1783295	0.002674
chr1	1783486	1784595	0.012624
chr1	1784592	1786832	0.011161
chr1	1786829	1787494	0.004511
chr1	1787644	1789326	0.005351
chr1	1791736	1792020	0.003521
chr1	1792318	1793724	0.001422
chr1	1793835	1794917	0.003697
chr1	1794920	1796179	0.002383
chr1	1796317	1797306	0.005056
chr1	1798764	1803320	0.003951
chr1	1803331	1805484	0.002787
chr1	1805474	1807594	0.002358
chr1	1807662	1809734	0.003861
chr1	1809697	1812141	0.002864
chr1	1812141	1813748	0.002489
chr1	1813751	1814440	0.004354
chr1	1814437	1815096	0.007587
chr1	1815093	1815539	0.004484
chr1	1816129	1816650	0.001919
chr1	1816647	1817711	0.005639
chr1	1817701	1819026	0.003774
chr1	1819026	1820723	0.004125
chr1	1821118	1822260	0.004378
chr1	1822604	1823452	0.005896
chr1	1823452	1824411	0.008342
chr1	1824408	1825415	0.008937
chr1	1825500	1827491	0.009543
chr1	1829768	1831783	0.009429
chr1	1834583	1834888	0.006557
chr1	1835056	1836537	0.001350
chr1	1838226	1838480	0.011811
chr1	1840974	1842068	0.003656
chr1	1842068	1843165	0.006381
chr1	1843162	1844025	0.001159
chr1	1844034	1844834	0.001250
chr1	1844847	1845119	0.003676
chr1	1845171	1846913	0.005166
chr1	1850590	1850937	0.011527
chr1	1851006	1852163	0.005186
chr1	1852153	1853106	0.008395
chr1	1856475	1856657	0.005495
chr1	1856630	1856761	0.007634
chr1	1859525	1859998	0.006342
chr1	1861040	1862350	0.004580
chr1	1862445	1863086	0.003120
chr1	1863194	1864474	0.007031
chr1	1864624	1867020	0.009182
chr1	1867156	1867428	0.000000
chr1	1867618	1869465	0.006497
chr1	1869641	1869868	0.004405
chr1	1875103	1875615	0.003906
chr1	1876724	1877401	0.007386
chr1	1879087	1880751	0.007812
chr1	1880751	1882136	0.008664
chr1	1882498	1883814	0.008359
chr1	1883919	1884653	0.009537
chr1	1884858	1885037	0.000000
chr1	1885550	1886029	0.008351
chr1	1886026	1886472	0.011211
chr1	1886542	1887789	0.006415
chr1	1887947	1889851	0.009979
chr1	1889988	1893269	0.009144
chr1	1894776	1895804	0.007782
chr1	1906932	1907396	0.008621
chr1	1911302	1913260	0.010725
chr1	1913270	1913995	0.019310
chr1	1913992	1914672	0.023529
chr1	1914677	1915027	0.008571
chr1	1915215	1916840	0.006154
chr1	1920138	1921160	0.009785
chr1	1921190	1921537	0.031700
chr1	1921534	1921992	0.002183
chr1	1922174	1923841	0.006599
chr1	1923895	1924338	0.006772
chr1	1924397	1924633	0.008475
chr1	1924646	1925200	0.010830
chr1	1925372	1926004	0.004747
chr1	1926104	1926907	0.006227
chr1	1926904	1927773	0.009206
chr1	1927901	1928716	0.013497
chr1	1928792	1929877	0.009217
chr1	1930063	1930482	0.004773
chr1	1931593	1932627	0.020309
chr1	1932627	1933727	0.009091
chr1	1934043	1934321	0.007194
chr1	1934321	1934926	0.008264
chr1	1935095	1937062	0.014235
chr1	1937158	1938075	0.005453
chr1	1938075	1939028	0.006296
chr1	1939025	1941010	0.011587
chr1	1941083	1941853	0.024675
chr1	1941960	1942757	0.031368
chr1	1945874	1947289	0.006360
chr1	1947376	1947807	0.002320
chr1	1947984	1948124	0.000000
chr1	1949192	1950421	0.005696
chr1	1954232	1954876	0.003106
chr1	1955087	1956814	0.008107
chr1	1956811	1960494	0.010861
chr1	1960669	1961169	0.016000
chr1	1961396	1962625	0.010578
chr1	1962622	1965714	0.004851
chr1	1965848	1968952	0.009665
chr1	1968949	1970475	0.006553
chr1	1971859	1972620	0.007884
chr1	2001306	2002562	0.004777
chr1	2003248	2003493	0.012245
chr1	2003523	2005793	0.013656
chr1	2009151	2011556	0.015800
chr1	2011682	2012308	0.004792
chr1	2012312	2013637	0.012075
chr1	2013634	2014014	0.013158
chr1	2014140	2015420	0.003125
chr1	2015550	2016938	0.010807
chr1	2021649	2022293	0.006211
chr1	2022296	2024119	0.007131
chr1	2024153	2024713	0.005357
chr1	2025093	2027033	0.004639
chr1	2029449	2030939	0.008725
chr1	2031729	2031995	0.007519
chr1	2031946	2032626	0.005882
chr1	2035434	2037443	0.005475
chr1	2037430	2037909	0.002088
chr1	2037918	2039333	0.003534
chr1	2039349	2040356	0.004965
chr1	2040583	2041677	0.014625
chr1	2041699	2042820	0.006244
chr1	2042817	2044040	0.004906
chr1	2044062	2045024	0.014553
chr1	2045021	2046235	0.004119
chr1	2046315	2047172	0.004667
chr1	2047221	2048138	0.004362
chr1	2048168	2050456	0.004371
chr1	2050603	2051577	0.007187
chr1	2053585	2054406	0.010962
chr1	2054409	2055140	0.010944
chr1	2059637	2060881	0.003215
chr1	2063859	2064785	0.008639
chr1	2065155	2066171	0.002953
chr1	2066410	2067216	0.009926
chr1	2067333	2068037	0.007102
chr1	2069745	2071286	0.011032
chr1	2071326	2072879	0.003220
chr1	2074994	2075311	0.012618
chr1	2075311	2075769	0.013100
chr1	2075797	2076174	0.010610
chr1	2090516	2090809	0.006826
chr1	2124498	2124842	0.005814
chr1	2124839	2125303	0.002155
chr1	2125316	2125813	0.014085
chr1	2125824	2126909	0.010138
chr1	2126926	2127348	0.011848
chr1	2127341	2128063	0.008310
chr1	2128784	2130106	0.003782
chr1	2130595	2131200	0.000000
chr1	2131269	2131580	0.006431
chr1	2131577	2131918	0.005865
chr1	2132304	2132561	0.000000
chr1	2132554	2132787	0.004292
chr1	2132784	2133053	0.003717
chr1	2133050	2135962	0.005838
chr1	2136058	2136705	0.012365
chr1	2136715	2137038	0.003096
chr1	2138897	2140264	0.002926
chr1	2140518	2140724	0.004854
chr1	2140833	2141975	0.007005
chr1	2142010	2142582	0.005245
chr1	2143745	2144512	0.006519
chr1	2145459	2145683	0.013393
chr1	2145708	2146652	0.009534
chr1	2146736	2147116	0.002632
chr1	2147155	2148228	0.006524
chr1	2151913	2152692	0.012837
chr1	2153013	2154695	0.013674
chr1	2157227	2157340	0.000000
chr1	2157423	2158484	0.004713
chr1	2162464	2162757	0.006826
chr1	2167325	2169601	0.014060
chr1	2169744	2170328	0.020548
chr1	2171383	2172594	0.009083
chr1	2172663	2173130	0.002141
chr1	2176800	2177618	0.006112
chr1	2177618	2178340	0.005540
chr1	2178446	2179303	0.015169
chr1	2180323	2181048	0.006897
chr1	2188326	2189348	0.011742
chr1	2189410	2190303	0.005599
chr1	2190469	2190852	0.005222
chr1	2190818	2190946	0.000000
chr1	2191588	2192949	0.005878
chr1	2192992	2193831	0.003576
chr1	2194482	2195840	0.004418
chr1	2195848	2196471	0.004815
chr1	2196474	2196854	0.010526
chr1	2197001	2197555	0.007220
chr1	2197581	2198435	0.002342
chr1	2198758	2199669	0.012075
chr1	2204914	2205606	0.005780
chr1	2206282	2207385	0.005440
chr1	2207854	2208603	0.006676
chr1	2211166	2211534	0.010870
chr1	2211701	2212192	0.006110
chr1	2212405	2212938	0.007505
chr1	2213018	2213266	0.000000
chr1	2213272	2215635	0.004232
chr1	2215809	2217536	0.004053
chr1	2217856	2218953	0.005469
chr1	2219051	2219251	0.015000
chr1	2221857	2222063	0.009709
chr1	2222258	2224072	0.004410
chr1	2224085	2224396	0.000000
chr1	2224386	2225477	0.004583
chr1	2225487	2226329	0.005938
chr1	2226319	2226762	0.000000
chr1	2235346	2236299	0.002099
chr1	2238590	2239717	0.006211
chr1	2240635	2241576	0.006376
chr1	2241660	2241896	0.004237
chr1	2241945	2242619	0.007418
chr1	2243108	2243275	0.029940
chr1	2244238	2244927	0.007257
chr1	2245595	2245909	0.003185
chr1	2246296	2247579	0.006235
chr1	2247592	2248443	0.007051
chr1	2248629	2249420	0.010114
chr1	2249518	2249619	0.000000
chr1	2249616	2250041	0.002353
chr1	2250442	2250885	0.011287
chr1	2251024	2251194	0.005882
chr1	2251589	2252800	0.009909
chr1	2252917	2254584	0.016797
chr1	2254941	2257397	0.005293
chr1	2257394	2257711	0.006309
chr1	2257799	2260516	0.007729
chr1	2260609	2261352	0.010767
chr1	2269694	2270512	0.002445
chr1	2277917	2278453	0.014925
chr1	2278459	2279985	0.005242
chr1	2279990	2280976	0.005071
chr1	2281993	2283336	0.002234
chr1	2284190	2284810	0.001613
chr1	2288825	2289238	0.000000
chr1	2289444	2290520	0.002788
chr1	2292661	2292912	0.000000
chr1	2295053	2295736	0.013177
chr1	2295736	2298240	0.015176
chr1	2298295	2298792	0.014085
chr1	2299662	2299775	0.000000
chr1	2299891	2300340	0.008909
chr1	2300309	2300896	0.006814
chr1	2305772	2307841	0.005317
chr1	2320434	2321717	0.006235
chr1	2322031	2322462	0.004640
chr1	2324739	2325287	0.009124
chr1	2325426	2325707	0.000000
chr1	2326225	2327076	0.009401
chr1	2330832	2331011	0.011173
chr1	2331628	2333151	0.013132
chr1	2333388	2334260	0.008028
chr1	2336386	2337153	0.010430
chr1	2337254	2337733	0.010438
chr1	2340016	2340714	0.007163
chr1	2340771	2341082	0.003215
chr1	2341303	2342370	0.003749
chr1	2342387	2343154	0.002608
chr1	2343228	2344526	0.006934
chr1	2345816	2346595	0.007702
chr1	2354853	2355626	0.005175
chr1	2355817	2357322	0.008638
chr1	2358913	2360742	0.008201
chr1	2360739	2362598	0.003228
chr1	2362600	2363685	0.006452
chr1	2363688	2364707	0.005888
chr1	2364709	2366322	0.008679
chr1	2366351	2367145	0.011335
chr1	2367547	2368758	0.008258
chr1	2368777	2369355	0.012111
chr1	2369485	2370714	0.002441
chr1	2370877	2371032	0.012903
chr1	2371080	2371598	0.007722
chr1	2371745	2371939	0.010309
chr1	2371950	2372192	0.008264
chr1	2373399	2373599	0.000000
chr1	2373653	2373919	0.003759
chr1	2377937	2378032	0.000000
chr1	2379051	2379410	0.008357
chr1	2379407	2380213	0.007444
chr1	2392838	2393908	0.017757
chr1	2394399	2395325	0.011879
chr1	2397349	2397648	0.003344
chr1	2398515	2398925	0.007317
chr1	2399015	2399434	0.004773
chr1	2399397	2399801	0.007426
chr1	2401306	2401692	0.005181
chr1	2401728	2402891	0.006879
chr1	2402995	2404602	0.007467
chr1	2404689	2405483	0.008816
chr1	2405485	2407413	0.006224
chr1	2407570	2408469	0.007786
chr1	2408691	2410670	0.007580
chr1	2410777	2411604	0.010883
chr1	2411591	2412544	0.006296
chr1	2412766	2413005	0.008368
chr1	2413436	2413591	0.006452
chr1	2413804	2414409	0.003306
chr1	2415958	2418102	0.011194
chr1	2418249	2418845	0.006711
chr1	2421695	2422774	0.003707
chr1	2422887	2423243	0.005618
chr1	2423666	2423920	0.000000
chr1	2423938	2424705	0.002608
chr1	2424748	2424975	0.004405
chr1	2426750	2427316	0.010601
chr1	2427365	2428015	0.004615
chr1	2428033	2428350	0.003155
chr1	2428424	2428876	0.008850
chr1	2429162	2429269	0.000000
chr1	2429317	2429742	0.009412
chr1	2430214	2433216	0.003331
chr1	2433213	2434019	0.004963
chr1	2434022	2434528	0.000000
chr1	2434528	2436060	0.009791
chr1	2436088	2436891	0.003736
chr1	2436975	2438216	0.008864
chr1	2438424	2438684	0.015385
chr1	2438876	2439349	0.010571
chr1	2439599	2440570	0.005149
chr1	2440895	2441749	0.016393
chr1	2447451	2447906	0.000000
chr1	2448633	2450141	0.005305
chr1	2450134	2450937	0.002491
chr1	2451243	2451878	0.015748
chr1	2462781	2464064	0.003118
chr1	2478141	2478527	0.012953
chr1	2482269	2484131	0.004296
chr1	2484231	2484890	0.007587
chr1	2487739	2488695	0.009414
chr1	2488817	2489998	0.005927
chr1	2490207	2491172	0.010363
chr1	2491169	2492020	0.011751
chr1	2492017	2492808	0.008850
chr1	2493057	2493632	0.006957
chr1	2493656	2494321	0.012030
chr1	2501946	2502155	0.004785
chr1	2503494	2504387	0.010078
chr1	2506475	2508139	0.005409
chr1	2526096	2526977	0.002270
chr1	2527080	2530367	0.011865
chr1	2530339	2530593	0.011811
chr1	2532884	2533279	0.020253
chr1	2533963	2535801	0.009249
chr1	2536604	2537344	0.006757
chr1	2537877	2537978	0.009901
chr1	2540243	2540521	0.000000
chr1	2548182	2548703	0.005758
chr1	2548897	2549415	0.017375
chr1	2549412	2550371	0.007299
chr1	2550452	2552902	0.008163
chr1	2553885	2554496	0.006547
chr1	2554496	2555686	0.005042
chr1	2560460	2560888	0.009346
chr1	2561124	2561390	0.015038
chr1	2561380	2562144	0.009162
chr1	2562200	2562373	0.005780
chr1	2562455	2563213	0.013193
chr1	2565786	2567573	0.008394
chr1	2567665	2568534	0.008055
chr1	2568539	2570155	0.008045
chr1	2570237	2571397	0.006897
chr1	2571453	2572250	0.005019
chr1	2572421	2574409	0.006539
chr1	2574518	2575342	0.013350
chr1	2576211	2577650	0.008339
chr1	2577650	2578258	0.003289
chr1	2578264	2578443	0.011173
chr1	2578440	2579366	0.010799
chr1	2579715	2581157	0.004854
chr1	2581157	2581765	0.006579
chr1	2581784	2581960	0.000000
chr1	2581957	2582952	0.005025
chr1	2583114	2584526	0.004958
chr1	2584540	2585058	0.021236
chr1	2585067	2587475	0.007060
chr1	2587550	2587756	0.004854
chr1	2587749	2588432	0.013177
chr1	2588599	2589981	0.005789
chr1	2590624	2591358	0.000000
chr1	2591400	2591948	0.001825
chr1	2591997	2592848	0.007051
chr1	2593042	2593401	0.000000
chr1	2593421	2594578	0.004322
chr1	2594624	2594788	0.006098
chr1	2594800	2595231	0.018561
chr1	2595345	2595824	0.012526
chr1	2595869	2596183	0.009554
chr1	2602477	2602776	0.010033
chr1	2602818	2603192	0.010695
chr1	2603196	2603873	0.007386
chr1	2604225	2604638	0.014528
chr1	2604703	2606031	0.006777
chr1	2607673	2609127	0.003439
chr1	2609131	2610585	0.004814
chr1	2611744	2612061	0.003155
chr1	2612418	2612675	0.007782
chr1	2612834	2614222	0.008646
chr1	2616317	2617063	0.020107
chr1	2617367	2617702	0.008955
chr1	2617699	2618550	0.002350
chr1	2618927	2621113	0.004575
chr1	2628397	2629344	0.007392
chr1	2635025	2635246	0.009050
chr1	2635301	2635588	0.003484
chr1	2636841	2637557	0.004190
chr1	2637674	2637940	0.000000
chr1	2646304	2648751	0.006947
chr1	2648944	2649351	0.007371
chr1	2649454	2650002	0.007299
chr1	2649999	2650283	0.014085
chr1	2650484	2651347	0.004635
chr1	2651364	2653133	0.006218
chr1	2653117	2653497	0.007895
chr1	2653663	2653875	0.004717
chr1	2653872	2655437	0.003834
chr1	2655448	2656587	0.003512
chr1	2656599	2656712	0.008850
chr1	2656696	2656995	0.006689
chr1	2658335	2659099	0.003927
chr1	2659154	2659816	0.007553
chr1	2661421	2663742	0.013356
chr1	2666395	2667768	0.014567
chr1	2667808	2668866	0.003781
chr1	2670733	2673474	0.004013
chr1	2673651	2675216	0.011502
chr1	2675597	2675689	0.000000
chr1	2682902	2683846	0.005297
chr1	2683883	2684683	0.013750
chr1	2686197	2686793	0.003356
chr1	2686875	2687195	0.003125
chr1	2687235	2687918	0.007321
chr1	2687996	2688541	0.005505
chr1	2688736	2689104	0.005435
chr1	2697260	2698699	0.011119
chr1	2698775	2701171	0.007513
chr1	2701458	2702288	0.010843
chr1	2702406	2703710	0.006902
chr1	2705233	2706573	0.004478
chr1	2707725	2708666	0.005313
chr1	2708663	2709178	0.009709
chr1	2709220	2709723	0.019881
chr1	2709771	2711108	0.004488
chr1	2711256	2711690	0.002304
chr1	2711741	2712007	0.007519
chr1	2713580	2713858	0.007194
chr1	2718386	2719657	0.003934
chr1	2724822	2725616	0.007557
chr1	2725728	2727290	0.008323
chr1	2728413	2729708	0.006178
chr1	2729785	2730645	0.008140
chr1	2732687	2733331	0.013975
chr1	2734959	2735309	0.011429
chr1	2735736	2736482	0.013405
chr1	2736751	2737071	0.006250
chr1	2737059	2737499	0.002273
chr1	2737607	2738050	0.002257
chr1	2738142	2738837	0.007194
chr1	2739093	2740007	0.015317
chr1	2740312	2741769	0.008922
chr1	2749878	2751407	0.007194
chr1	2751404	2751751	0.014409
chr1	2792509	2792727	0.013761
chr1	2793066	2793173	0.009346
chr1	2807208	2807966	0.001319
chr1	2808102	2808437	0.005970
chr1	2808488	2808955	0.006424
chr1	2809046	2809795	0.006676
chr1	2811668	2812891	0.001635
chr1	2818972	2819439	0.010707
chr1	2820665	2820925	0.000000
chr1	2824598	2825515	0.009815
chr1	2825936	2826592	0.004573
chr1	2826599	2827681	0.004621
chr1	2827683	2830838	0.006022
chr1	2831297	2831572	0.003636
chr1	2831572	2831751	0.000000
chr1	2833033	2834166	0.005296
chr1	2834141	2834944	0.002491
chr1	2834901	2835140	0.000000
chr1	2838145	2838927	0.006394
chr1	2838950	2839420	0.004255
chr1	2839439	2840149	0.008451
chr1	2840169	2840669	0.008000
chr1	2840693	2841697	0.002988
chr1	2841716	2842939	0.007359
chr1	2842967	2843767	0.010000
chr1	2843950	2844915	0.004145
chr1	2848619	2849176	0.007181
chr1	2849199	2849672	0.008457
chr1	2851481	2852914	0.016748
chr1	2858722	2859681	0.008342
chr1	2859835	2860782	0.010560
chr1	2860779	2861273	0.014170
chr1	2861266	2862270	0.018924
chr1	2862267	2864027	0.009659
chr1	2864024	2865664	0.006707
chr1	2882759	2883691	0.012876
chr1	2887966	2888304	0.017751
chr1	2891240	2892265	0.006829
chr1	2892256	2893347	0.010999
chr1	2894984	2896504	0.009868
chr1	2896635	2898374	0.004025
chr1	2898414	2899613	0.005838
chr1	2899906	2900394	0.006148
chr1	2900491	2900742	0.007968
chr1	2904210	2904803	0.011804
chr1	2904972	2905571	0.005008
chr1	2905684	2906178	0.006073
chr1	2910345	2911343	0.009018
chr1	2911596	2911868	0.007353
chr1	2916805	2916972	0.005988
chr1	2917001	2917261	0.000000
chr1	2917258	2919762	0.005591
chr1	2919774	2920259	0.016495
chr1	2920271	2920867	0.015101
chr1	2921417	2922823	0.004979
chr1	2922938	2923330	0.012755
chr1	2925165	2925518	0.005666
chr1	2925515	2926111	0.003356
chr1	2926114	2926521	0.002457
chr1	2929763	2930821	0.009452
chr1	2930821	2931465	0.007764
chr1	2931474	2932190	0.008380
chr1	2932434	2932547	0.026549
chr1	2944669	2945565	0.007812
chr1	2945708	2946031	0.009288
chr1	2972888	2973670	0.011509
chr1	2973756	2976449	0.015225
chr1	2976465	2977661	0.009197
chr1	2977817	2978164	0.005764
chr1	2978203	2979237	0.009671
chr1	2979310	2980515	0.003320
chr1	2980634	2981047	0.009685
chr1	2983744	2984886	0.004378
chr1	2984883	2985695	0.012315
chr1	2985701	2986072	0.016173
chr1	2992193	2992561	0.008152
chr1	2992545	2993228	0.013177
chr1	2997237	2998847	0.005590
chr1	3001306	3001572	0.011278
chr1	3002475	3003176	0.002853
chr1	3003176	3003934	0.017150
chr1	3003969	3005168	0.010008
chr1	3005235	3005792	0.007181
chr1	3007095	3007358	0.015209
chr1	3009076	3009630	0.010830
chr1	3010351	3010503	0.006579
chr1	3019040	3019990	0.005263
chr1	3019987	3020457	0.002128
chr1	3020668	3021939	0.007081
chr1	3021936	3023159	0.006541
chr1	3023171	3024406	0.016194
chr1	3029415	3032258	0.007035
chr1	3032399	3033037	0.010972
chr1	3033136	3033879	0.016151
chr1	3033876	3034844	0.008264
chr1	3035285	3036169	0.013575
chr1	3046997	3048628	0.006131
chr1	3049433	3050374	0.007439
chr1	3050421	3051257	0.008373
chr1	3051397	3052152	0.003974
chr1	3054422	3055690	0.007886
chr1	3055720	3056700	0.010204
chr1	3056792	3057235	0.002257
chr1	3057237	3058757	0.008553
chr1	3058741	3059763	0.007828
chr1	3060994	3061665	0.005961
chr1	3061768	3063381	0.007440
chr1	3081065	3083785	0.011765
chr1	3083785	3084189	0.014851
chr1	3084186	3085682	0.011364
chr1	3085682	3086179	0.008048
chr1	3086176	3086487	0.000000
chr1	3086484	3086825	0.017595
chr1	3089116	3089580	0.008621
chr1	3092511	3093008	0.014085
chr1	3093118	3093495	0.000000
chr1	3093604	3093879	0.010909
chr1	3094183	3094527	0.011628
chr1	3095377	3095787	0.002439
chr1	3095805	3095999	0.000000
chr1	3096007	3096471	0.008621
chr1	3096624	3099137	0.005969
chr1	3100220	3100864	0.001553
chr1	3100861	3102060	0.008340
chr1	3102071	3102898	0.006046
chr1	3103828	3104037	0.004785
chr1	3105723	3107759	0.009332
chr1	3108035	3108619	0.011986
chr1	3108616	3109191	0.012174
chr1	3109188	3111449	0.013711
chr1	3111643	3112674	0.004850
chr1	3112677	3113312	0.009449
chr1	3113309	3114016	0.004243
chr1	3114013	3114651	0.006270
chr1	3114763	3114942	0.011173
chr1	3117501	3118547	0.011472
chr1	3118544	3119218	0.011869
chr1	3121782	3122000	0.004587
chr1	3123152	3124270	0.005367
chr1	3124458	3125381	0.006501
chr1	3125378	3126649	0.003147
chr1	3126646	3127413	0.002608
chr1	3127417	3128118	0.012839
chr1	3128363	3129223	0.008140
chr1	3130169	3130420	0.000000
chr1	3131515	3132570	0.008531
chr1	3132662	3133909	0.006415
chr1	3133916	3135094	0.004244
chr1	3135152	3135970	0.011002
chr1	3136003	3137127	0.008007
chr1	3137252	3138136	0.009050
chr1	3140150	3141070	0.003261
chr1	3142330	3143796	0.007503
chr1	3143796	3143999	0.014778
chr1	3144003	3144695	0.002890
chr1	3145090	3145977	0.003382
chr1	3146515	3148158	0.007304
chr1	3148361	3149023	0.003021
chr1	3149137	3149835	0.008596
chr1	3150251	3151768	0.011866
chr1	3153043	3153426	0.005222
chr1	3153436	3156288	0.007363
chr1	3156482	3157735	0.002394
chr1	3157805	3158929	0.008897
chr1	3159439	3159699	0.007692
chr1	3160724	3161002	0.007194
chr1	3162349	3162885	0.005597
chr1	3163950	3165008	0.007561
chr1	3165272	3166078	0.004963
chr1	3166075	3166917	0.004751
chr1	3166904	3167698	0.003778
chr1	3167695	3168681	0.009128
chr1	3168681	3169334	0.003063
chr1	3170532	3171374	0.004751
chr1	3175733	3177814	0.008169
chr1	3177913	3179667	0.010832
chr1	3183131	3184051	0.011957
chr1	3186169	3187170	0.003996
chr1	3187184	3187648	0.004310
chr1	3188189	3189253	0.019737
chr1	3189300	3191135	0.009809
chr1	3192916	3193494	0.003460
chr1	3196548	3197474	0.006479
chr1	3197485	3198282	0.005019
chr1	3198288	3198842	0.007220
chr1	3200063	3200989	0.009719
chr1	3202215	3203303	0.011029
chr1	3204150	3204551	0.009975
chr1	3207325	3208728	0.009266
chr1	3208862	3209935	0.005592
chr1	3223654	3223797	0.000000
chr1	3224196	3224666	0.006383
chr1	3224979	3226046	0.005623
chr1	3226219	3226842	0.003210
chr1	3228181	3229476	0.005405
chr1	3230083	3231798	0.005248
chr1	3231819	3232775	0.006276
chr1	3234981	3238079	0.010329
chr1	3238175	3239059	0.022624
chr1	3243020	3244324	0.012270
chr1	3249620	3249844	0.004464
chr1	3249989	3251287	0.006934
chr1	3251280	3252050	0.009091
chr1	3252161	3253015	0.010539
chr1	3255864	3256595	0.016416
chr1	3256696	3257511	0.006135
chr1	3257508	3257762	0.003937
chr1	3257912	3258547	0.007874
chr1	3258724	3260013	0.006982
chr1	3260028	3260615	0.011925
chr1	3261886	3262590	0.008523
chr1	3262652	3265048	0.014608
chr1	3265209	3265601	0.005102
chr1	3270902	3272419	0.008570
chr1	3272674	3272904	0.000000
chr1	3274005	3276494	0.002812
chr1	3276484	3277557	0.008388
chr1	3277627	3279252	0.006154
chr1	3286467	3286898	0.004640
chr1	3286971	3287192	0.009050
chr1	3287651	3289510	0.011834
chr1	3289577	3289822	0.012245
chr1	3293441	3294112	0.005961
chr1	3296762	3297367	0.013223
chr1	3297424	3298212	0.005076
chr1	3298596	3298811	0.000000
chr1	3314178	3314441	0.003802
chr1	3314528	3315403	0.006857
chr1	3315834	3316229	0.010127
chr1	3316231	3316881	0.004615
chr1	3316981	3319152	0.004606
chr1	3319174	3320310	0.005282
chr1	3329445	3330299	0.007026
chr1	3330302	3331351	0.002860
chr1	3331371	3332162	0.000000
chr1	3332173	3333621	0.005525
chr1	3333676	3334560	0.009050
chr1	3334557	3335318	0.005256
chr1	3335334	3335936	0.004983
chr1	3335968	3336393	0.000000
chr1	3336430	3337521	0.006416
chr1	3346010	3346990	0.012245
chr1	3359930	3360922	0.007056
chr1	3360990	3361154	0.000000
chr1	3361157	3361990	0.007203
chr1	3362009	3363046	0.006750
chr1	3363030	3366101	0.009118
chr1	3366098	3368449	0.005530
chr1	3369328	3369681	0.005666
chr1	3377650	3378789	0.011414
chr1	3378786	3379388	0.014950
chr1	3379385	3380233	0.011792
chr1	3380233	3381159	0.020518
chr1	3381179	3382786	0.007467
chr1	3382848	3383795	0.014784
chr1	3383884	3385620	0.014401
chr1	3394896	3395849	0.008395
chr1	3415440	3416255	0.004908
chr1	3423808	3424020	0.018868
chr1	3424178	3424675	0.018109
chr1	3427061	3428548	0.005380
chr1	3428686	3429105	0.009547
chr1	3429160	3429588	0.004673
chr1	3429768	3432599	0.007771
chr1	3432738	3434168	0.003497
chr1	3434315	3434611	0.006757
chr1	3434644	3436473	0.006561
chr1	3436643	3437644	0.003996
chr1	3437709	3438278	0.012302
chr1	3444880	3446340	0.012329
chr1	3446327	3447034	0.014144
chr1	3447031	3450405	0.007706
chr1	3450392	3451555	0.004299
chr1	3451822	3452421	0.010017
chr1	3452551	3454749	0.007734
chr1	3454752	3455345	0.005059
chr1	3456390	3457088	0.002865
chr1	3457100	3457756	0.010671
chr1	3457905	3459086	0.001693
chr1	3459270	3460613	0.011914
chr1	3465921	3466652	0.006840
chr1	3466804	3467592	0.002538
chr1	3468861	3471599	0.009861
chr1	3472296	3472616	0.009375
chr1	3472644	3473693	0.005720
chr1	3475005	3475292	0.003484
chr1	3477406	3478008	0.013289
chr1	3478270	3482205	0.004828
chr1	3482608	3484035	0.010512
chr1	3484051	3485301	0.008800
chr1	3485386	3486396	0.006931
chr1	3486508	3487434	0.011879
chr1	3487447	3487812	0.005479
chr1	3488482	3489051	0.019332
chr1	3489081	3489647	0.003534
chr1	3490484	3491290	0.016129
chr1	3491411	3492256	0.008284
chr1	3492311	3492784	0.012685
chr1	3494093	3494434	0.017595
chr1	3499371	3500357	0.008114
chr1	3500354	3500596	0.008264
chr1	3500764	3501714	0.011579
chr1	3501719	3502675	0.010460
chr1	3502663	3504099	0.009749
chr1	3504096	3504518	0.004739
chr1	3504515	3505270	0.015894
chr1	3505267	3506514	0.007217
chr1	3506514	3507314	0.010000
chr1	3507301	3508575	0.014914
chr1	3508568	3509095	0.024668
chr1	3509373	3509684	0.009646
chr1	3516157	3517884	0.010423
chr1	3517884	3518498	0.016287
chr1	3518734	3519609	0.013714
chr1	3519888	3520829	0.003188
chr1	3520937	3521542	0.011570
chr1	3521606	3522196	0.006780
chr1	3522411	3523511	0.008182
chr1	3524003	3524677	0.007418
chr1	3524670	3525506	0.007177
chr1	3525499	3526566	0.004686
chr1	3527568	3527756	0.000000
chr1	3527722	3527955	0.000000
chr1	3527955	3528173	0.004587
chr1	3528173	3528475	0.000000
chr1	3528475	3528834	0.005571
chr1	3529274	3529444	0.011765
chr1	3529823	3530032	0.004785
chr1	3530138	3530302	0.006098
chr1	3530329	3530775	0.008969
chr1	3533536	3534489	0.006296
chr1	3535317	3535481	0.018293
chr1	3539399	3540178	0.012837
chr1	3540363	3540827	0.010776
chr1	3541027	3541857	0.006024
chr1	3541854	3542222	0.005435
chr1	3542247	3543407	0.012069
chr1	3544910	3545674	0.005236
chr1	3546837	3547739	0.007761
chr1	3547798	3549000	0.004992
chr1	3552863	3553855	0.007056
chr1	3554180	3554422	0.012397
chr1	3554412	3556004	0.009422
chr1	3556007	3557347	0.006716
chr1	3558626	3559144	0.005792
chr1	3559247	3559729	0.004149
chr1	3559726	3560187	0.004338
chr1	3560190	3561215	0.007805
chr1	3561212	3561688	0.002101
chr1	3561730	3565560	0.003394
chr1	3565600	3566016	0.002404
chr1	3574199	3574477	0.010791
chr1	3575228	3576955	0.008107
chr1	3577894	3578532	0.006270
chr1	3578534	3579796	0.011094
chr1	3582019	3582393	0.005348
chr1	3582437	3584233	0.010022
chr1	3585833	3586795	0.016632
chr1	3586792	3587703	0.013172
chr1	3587829	3589847	0.007433
chr1	3589851	3590426	0.005217
chr1	3598146	3598601	0.013187
chr1	3620379	3622187	0.006637
chr1	3622184	3622543	0.013928
chr1	3622569	3623162	0.005059
chr1	3623159	3623692	0.001876
chr1	3628882	3629919	0.006750
chr1	3631448	3632455	0.006951
chr1	3636048	3636479	0.000000
chr1	3640717	3641859	0.010508
chr1	3650664	3651638	0.011294
chr1	3651638	3652159	0.009597
chr1	3652168	3652734	0.012367
chr1	3652721	3653260	0.016698
chr1	3653260	3653985	0.011034
chr1	3654264	3655757	0.008038
chr1	3655857	3656165	0.000000
chr1	3656178	3656642	0.004310
chr1	3656645	3657502	0.005834
chr1	3657517	3657789	0.014706
chr1	3657933	3658292	0.000000
chr1	3658312	3659817	0.008638
chr1	3662027	3664639	0.011103
chr1	3664697	3665305	0.000000
chr1	3665361	3666395	0.004836
chr1	3666528	3666722	0.005155
chr1	3666756	3668012	0.011943
chr1	3668630	3669883	0.014366
chr1	3684964	3685764	0.008750
chr1	3693569	3693859	0.003448
chr1	3694410	3695363	0.005247
chr1	3708500	3709552	0.015209
chr1	3720247	3720966	0.004172
chr1	3720963	3722279	0.011398
chr1	3724296	3724751	0.002198
chr1	3724888	3726612	0.006381
chr1	3726866	3727507	0.003120
chr1	3727524	3727868	0.002907
chr1	3727872	3728483	0.001637
chr1	3731306	3732925	0.018530
chr1	3733026	3734399	0.017480
chr1	3734457	3736229	0.010722
chr1	3736417	3737283	0.004619
chr1	3737404	3737883	0.012526
chr1	3740567	3741022	0.017582
chr1	3742748	3743575	0.007255
chr1	3743654	3744181	0.005693
chr1	3744936	3745697	0.005256
chr1	3764842	3765789	0.004224
chr1	3765864	3766352	0.016393
chr1	3767088	3767963	0.001143
chr1	3770187	3770963	0.010309
chr1	3771245	3771487	0.008264
chr1	3771484	3772371	0.007892
chr1	3772521	3772754	0.012876
chr1	3772894	3773844	0.015789
chr1	3773927	3775822	0.014776
chr1	3776175	3778016	0.012493
chr1	3787975	3788415	0.015909
chr1	3788412	3789071	0.010622
chr1	3789126	3789998	0.016055
chr1	3790727	3791311	0.022260
chr1	3791531	3792238	0.025460
chr1	3792240	3793646	0.014936
chr1	3793705	3794226	0.013436
chr1	3799467	3800165	0.011461
chr1	3804411	3807245	0.007763
chr1	3845261	3845620	0.000000
chr1	3845640	3847187	0.005818
chr1	3851124	3851345	0.000000
chr1	3854675	3856102	0.003504
chr1	3856106	3857197	0.003666
chr1	3860662	3861090	0.007009
chr1	3861101	3862063	0.012474
chr1	3862060	3863322	0.010301
chr1	3863447	3864409	0.015593
chr1	3864419	3865207	0.016497
chr1	3866813	3867640	0.009674
chr1	3867702	3868349	0.015456
chr1	3869052	3869696	0.018634
chr1	3873430	3874665	0.004858
chr1	3874682	3875452	0.010390
chr1	3875449	3876255	0.017370
chr1	3876265	3877878	0.009919
chr1	3877875	3879605	0.011561
chr1	3897095	3898084	0.015167
chr1	3900686	3903445	0.006162
chr1	3903420	3904718	0.012327
chr1	3904815	3905810	0.018090
chr1	3905924	3906733	0.009889
chr1	3906763	3907143	0.010526
chr1	3907143	3907961	0.004890
chr1	3908001	3908330	0.000000
chr1	3908614	3910536	0.007804
chr1	3910611	3911882	0.012589
chr1	3911892	3913457	0.008946
chr1	3913515	3914735	0.013115
chr1	3916065	3916634	0.003515
chr1	3917957	3918172	0.018605
chr1	3918320	3920323	0.015477
chr1	3920391	3922238	0.005414
chr1	3922401	3923312	0.006586
chr1	3923583	3924383	0.002500
chr1	3924829	3925011	0.010989
chr1	3925167	3926084	0.003272
chr1	3928754	3928993	0.004184
chr1	3928993	3929403	0.004878
chr1	3929407	3932400	0.009355
chr1	3933346	3933744	0.015075
chr1	3937212	3937424	0.000000
chr1	3946473	3947051	0.012111
chr1	3947079	3947798	0.004172
chr1	3947854	3948480	0.004792
chr1	3948535	3949005	0.008511
chr1	3949007	3949327	0.009375
chr1	3959799	3959984	0.000000
chr1	3986123	3986629	0.009881
chr1	3999001	3999711	0.009859
chr1	4001893	4003113	0.012295
chr1	4004296	4005066	0.003896
chr1	4005189	4005488	0.000000
chr1	4010245	4011705	0.013699
chr1	4014200	4015096	0.011161
chr1	4015152	4015706	0.009025
chr1	4015814	4016395	0.001721
chr1	4016392	4017270	0.002278
chr1	4017654	4018313	0.010622
chr1	4025092	4025688	0.006711
chr1	4036811	4037104	0.010239
chr1	4037148	4037888	0.016216
chr1	4037950	4038714	0.009162
chr1	4038855	4039829	0.007187
chr1	4040177	4041070	0.011198
chr1	4042692	4044869	0.005512
chr1	4047228	4049159	0.010875
chr1	4049156	4049857	0.021398
chr1	4054456	4054854	0.007538
chr1	4056271	4057902	0.008584
chr1	4057899	4060199	0.003478
chr1	4066146	4067036	0.005618
chr1	4078153	4079193	0.006731
chr1	4080674	4081960	0.005443
chr1	4082935	4083660	0.008276
chr1	4087659	4089065	0.007824
chr1	4089342	4089908	0.003534
chr1	4089914	4090531	0.006483
chr1	4090720	4091808	0.010110
chr1	4091805	4093238	0.003489
chr1	4094094	4095305	0.006606
chr1	4095305	4096192	0.006764
chr1	4098579	4099271	0.005780
chr1	4099289	4100107	0.008557
chr1	4100119	4100712	0.010118
chr1	4100794	4101099	0.000000
chr1	4101276	4103252	0.007591
chr1	4103337	4104476	0.007024
chr1	4104479	4105099	0.014516
chr1	4105114	4105530	0.007212
chr1	4105671	4106267	0.021812
chr1	4106264	4107424	0.013793
chr1	4107514	4107837	0.018576
chr1	4112012	4112740	0.012363
chr1	4117750	4118184	0.018433
chr1	4118329	4119696	0.011704
chr1	4119693	4121153	0.007534
chr1	4121153	4121773	0.008065
chr1	4121860	4122876	0.015748
chr1	4123219	4124199	0.012245
chr1	4125464	4126894	0.009091
chr1	4126937	4127482	0.007339
chr1	4127574	4129172	0.010013
chr1	4129277	4129759	0.012448
chr1	4129957	4130208	0.007968
chr1	4130317	4131975	0.007841
chr1	4137037	4138236	0.005838
chr1	4138506	4139624	0.007156
chr1	4139647	4140720	0.005592
chr1	4140867	4142102	0.003239
chr1	4142110	4142964	0.015222
chr1	4142986	4143084	0.000000
chr1	4143087	4144034	0.014784
chr1	4144159	4145823	0.003606
chr1	4145901	4150757	0.005560
chr1	4151005	4152843	0.005441
chr1	4152949	4157016	0.010081
chr1	4157016	4157474	0.008734
chr1	4157713	4158240	0.013283
chr1	4159721	4160863	0.008757
chr1	4160909	4162315	0.007112
chr1	4162454	4163836	0.013025
chr1	4167089	4167832	0.002692
chr1	4170980	4171633	0.009188
chr1	4174030	4174701	0.008942
chr1	4177160	4177612	0.011062
chr1	4177673	4178008	0.011940
chr1	4182793	4184022	0.008950
chr1	4185683	4186450	0.006519
chr1	4187770	4188351	0.015491
chr1	4189614	4192058	0.013502
chr1	4192836	4193300	0.008621
chr1	4194981	4196513	0.012402
chr1	4196678	4197919	0.010475
chr1	4197967	4199283	0.009878
chr1	4207454	4209679	0.008989
chr1	4209676	4210743	0.005623
chr1	4210740	4211012	0.000000
chr1	4211451	4212584	0.007944
chr1	4215802	4216284	0.014523
chr1	4216875	4217648	0.011643
chr1	4217664	4218416	0.005319
chr1	4218471	4219166	0.014388
chr1	4219163	4219933	0.005195
chr1	4219977	4221200	0.016353
chr1	4222062	4222367	0.013115
chr1	4222715	4223200	0.006186
chr1	4223205	4223930	0.011034
chr1	4224366	4224710	0.008721
chr1	4225429	4226382	0.007345
chr1	4227358	4229439	0.001442
chr1	4233917	4234441	0.005725
chr1	4235290	4237839	0.007846
chr1	4237836	4238768	0.010730
chr1	4238765	4239973	0.006623
chr1	4239970	4240749	0.011553
chr1	4240765	4241985	0.006557
chr1	4243259	4244014	0.002649
chr1	4244051	4245229	0.003396
chr1	4245364	4247070	0.008792
chr1	4247096	4248169	0.017707
chr1	4248166	4250910	0.004373
chr1	4250912	4252027	0.009865
chr1	4252093	4253544	0.008270
chr1	4253541	4253756	0.023256
chr1	4253858	4254154	0.010135
chr1	4254167	4255768	0.007495
chr1	4255765	4256820	0.009479
chr1	4256817	4256984	0.005988
chr1	4262428	4262748	0.003125
chr1	4262745	4264064	0.004549
chr1	4282397	4283458	0.001885
chr1	4283546	4284418	0.004587
chr1	4284415	4284963	0.003650
chr1	4284960	4285823	0.002317
chr1	4285913	4287727	0.009372
chr1	4287724	4289109	0.008664
chr1	4289416	4290408	0.008065
chr1	4290543	4291172	0.000000
chr1	4291169	4292449	0.006250
chr1	4292641	4293312	0.005961
chr1	4294045	4294371	0.012270
chr1	4294494	4296278	0.008969
chr1	4297093	4297347	0.007874
chr1	4297468	4298841	0.005098
chr1	4299004	4299333	0.000000
chr1	4303631	4305925	0.007411
chr1	4315265	4315720	0.006593
chr1	4328184	4328810	0.003195
chr1	4329007	4329780	0.014230
chr1	4329835	4330515	0.013235
chr1	4330515	4331639	0.004448
chr1	4333468	4333650	0.000000
chr1	4333753	4334751	0.003006
chr1	4334875	4335693	0.004890
chr1	4335704	4336576	0.004587
chr1	4336580	4337572	0.011089
chr1	4338548	4338910	0.011050
chr1	4338903	4339640	0.012212
chr1	4340174	4340959	0.014013
chr1	4341091	4341837	0.012064
chr1	4342615	4343298	0.008785
chr1	4343360	4345324	0.008656
chr1	4352184	4355063	0.009031
chr1	4357290	4358867	0.011414
chr1	4361056	4362789	0.012695
chr1	4362997	4364205	0.009106
chr1	4364208	4364663	0.008791
chr1	4364702	4367293	0.010421
chr1	4367318	4368223	0.006630
chr1	4369727	4370506	0.006418
chr1	4372002	4372865	0.011587
chr1	4372919	4373539	0.009677
chr1	4373689	4373952	0.015209
chr1	4374016	4376127	0.012790
chr1	4376196	4376576	0.000000
chr1	4376791	4377516	0.013793
chr1	4380078	4381007	0.013994
chr1	4381016	4383091	0.015422
chr1	4383183	4384589	0.013514
chr1	4392760	4393089	0.006079
chr1	4395016	4395366	0.014286
chr1	4395370	4395621	0.000000
chr1	4395634	4395906	0.007353
chr1	4399848	4400069	0.004525
chr1	4404672	4405568	0.008929
chr1	4406036	4407157	0.008029
chr1	4407169	4407483	0.009554
chr1	4407486	4408922	0.009749
chr1	4409278	4409493	0.004651
chr1	4409718	4409921	0.004926
chr1	4410005	4410328	0.000000
chr1	4410474	4410794	0.003125
chr1	4410791	4412746	0.016880
chr1	4430243	4431148	0.009945
chr1	4432093	4433223	0.010619
chr1	4439517	4439795	0.010791
chr1	4439836	4440171	0.008955
chr1	4440330	4442582	0.003108
chr1	4442579	4444174	0.010031
chr1	4444300	4445301	0.004995
chr1	4446111	4447172	0.013195
chr1	4447236	4447466	0.000000
chr1	4452353	4453321	0.010331
chr1	4453318	4456668	0.011940
chr1	4458697	4459995	0.015408
chr1	4460248	4461201	0.009444
chr1	4461750	4463111	0.004409
chr1	4463104	4464105	0.015984
chr1	4464111	4465130	0.012758
chr1	4465133	4465696	0.001776
chr1	4465973	4466659	0.010204
chr1	4469170	4471218	0.016602
chr1	4471215	4471508	0.003413
chr1	4472451	4473437	0.012170
chr1	4473513	4474574	0.012253
chr1	4474604	4474906	0.003311
chr1	4474941	4475669	0.013736
chr1	4477188	4477322	0.022388
chr1	4481048	4482022	0.013347
chr1	4482094	4483281	0.009267
chr1	4488469	4489911	0.004854
chr1	4492392	4492877	0.002062
chr1	4492874	4493662	0.005076
chr1	4493662	4494450	0.006345
chr1	4494540	4495385	0.014201
chr1	4495558	4496565	0.010924
chr1	4496565	4497233	0.007485
chr1	4497298	4498068	0.012987
chr1	4499186	4499611	0.009412
chr1	4502817	4505000	0.008704
chr1	4505024	4506118	0.003656
chr1	4506353	4507435	0.012939
chr1	4507610	4508191	0.003442
chr1	4508356	4509210	0.002342
chr1	4510065	4510472	0.012285
chr1	4511520	4512911	0.006470
chr1	4513002	4514369	0.008778
chr1	4516480	4516977	0.004024
chr1	4517515	4517910	0.010127
chr1	4519995	4520345	0.008571
chr1	4523294	4524184	0.002247
chr1	4524421	4526340	0.006253
chr1	4526337	4527044	0.005658
chr1	4527106	4527267	0.006211
chr1	4529211	4530599	0.005043
chr1	4532806	4534251	0.003460
chr1	4534310	4535035	0.005517
chr1	4551973	4553286	0.005331
chr1	4553279	4553905	0.007987
chr1	4553905	4554645	0.010811
chr1	4554769	4556418	0.015767
chr1	4556999	4557841	0.005938
chr1	4558998	4559609	0.006547
chr1	4561159	4562070	0.009879
chr1	4562172	4562522	0.005714
chr1	4566560	4567513	0.007345
chr1	4567632	4568120	0.014344
chr1	4568300	4570462	0.007863
chr1	4570478	4571059	0.003442
chr1	4579100	4579537	0.004577
chr1	4579534	4580289	0.006623
chr1	4580930	4581142	0.000000
chr1	4581139	4581918	0.003851
chr1	4592100	4592774	0.008902
chr1	4592771	4594204	0.006281
chr1	4596596	4598104	0.008621
chr1	4598097	4598900	0.004981
chr1	4603549	4605063	0.009908
chr1	4605081	4605836	0.005298
chr1	4605990	4607288	0.012327
chr1	4614948	4616270	0.005295
chr1	4616297	4617226	0.003229
chr1	4618595	4620103	0.004642
chr1	4620096	4620443	0.002882
chr1	4621775	4622227	0.004425
chr1	4622747	4623190	0.009029
chr1	4623192	4623731	0.012987
chr1	4623872	4624576	0.011364
chr1	4624573	4625541	0.009298
chr1	4625989	4627002	0.006910
chr1	4627269	4628783	0.007266
chr1	4628801	4629556	0.013245
chr1	4629704	4630135	0.011601
chr1	4630197	4630487	0.006897
chr1	4631751	4632353	0.009967
chr1	4632346	4633092	0.012064
chr1	4633546	4633818	0.018382
chr1	4633886	4634167	0.003559
chr1	4634337	4634603	0.007519
chr1	4636569	4637087	0.013514
chr1	4639975	4640508	0.018762
chr1	4640536	4641084	0.003650
chr1	4641495	4641758	0.011407
chr1	4641755	4641874	0.008403
chr1	4642941	4643870	0.010764
chr1	4644854	4645480	0.012780
chr1	4645505	4646533	0.008755
chr1	4646570	4647601	0.004850
chr1	4651290	4651514	0.004464
chr1	4657230	4657580	0.017143
chr1	4657596	4657871	0.021818
chr1	4657874	4658119	0.008163
chr1	4658116	4659762	0.013366
chr1	4659779	4660144	0.008219
chr1	4660141	4660377	0.021186
chr1	4665113	4665229	0.008621
chr1	4665324	4666832	0.009947
chr1	4666825	4667628	0.009963
