chr1	6875	7777	0.005543
chr1	16281	17048	0.011734
chr1	17062	17592	0.005660
chr1	17673	19727	0.008763
chr1	19724	20797	0.005592
chr1	25623	26996	0.010197
chr1	27158	28465	0.015302
chr1	28462	29406	0.007415
chr1	29460	29966	0.015810
chr1	33064	34041	0.008188
chr1	36452	38023	0.008275
chr1	38082	39002	0.015217
chr1	39196	40704	0.005968
chr1	43264	44280	0.015748
chr1	44397	45290	0.005599
chr1	46335	47078	0.008075
chr1	47136	48611	0.006780
chr1	50279	51088	0.006180
chr1	51085	52299	0.009885
chr1	53568	54545	0.014330
chr1	55440	56669	0.001627
chr1	56801	57262	0.004338
chr1	57456	57653	0.020305
chr1	58676	59776	0.005455
chr1	63025	63492	0.000000
chr1	63511	64047	0.005597
chr1	64112	64357	0.004082
chr1	64424	65188	0.011780
chr1	65245	66330	0.017512
chr1	66478	66969	0.010183
chr1	70146	72182	0.011297
chr1	72179	72769	0.011864
chr1	72762	74039	0.007831
chr1	74050	74352	0.006623
chr1	74394	74663	0.003717
chr1	78315	79220	0.011050
chr1	82746	84212	0.014325
chr1	85411	86229	0.006112
chr1	89774	90718	0.009534
chr1	91742	92383	0.001560
chr1	96973	97176	0.009852
chr1	101463	102413	0.005263
chr1	102430	102714	0.003521
chr1	106032	106673	0.009360
chr1	111751	112206	0.002198
chr1	124419	124586	0.029940
chr1	124726	126282	0.010925
chr1	126240	126434	0.000000
chr1	126750	128927	0.007350
chr1	129445	129843	0.010050
chr1	129927	131144	0.009860
chr1	131148	132203	0.012322
chr1	132203	133702	0.005337
chr1	139045	140610	0.010863
chr1	140630	140989	0.002786
chr1	141959	143170	0.008258
chr1	143283	144215	0.003219
chr1	152328	152573	0.008163
chr1	154547	155050	0.000000
chr1	155074	155481	0.002457
chr1	155494	157092	0.003129
chr1	165053	165412	0.005571
chr1	168524	169837	0.000762
chr1	170607	171095	0.008197
chr1	175635	176207	0.017483
chr1	176357	176839	0.018672
chr1	177071	179080	0.012444
chr1	181078	182463	0.006498
chr1	184844	186337	0.010717
chr1	186621	186878	0.011673
chr1	192241	192948	0.019802
chr1	192945	193847	0.014412
chr1	193907	194605	0.007163
chr1	194602	195432	0.008434
chr1	195443	196690	0.006415
chr1	196704	196829	0.016000
chr1	199240	202098	0.007698
chr1	202340	202594	0.011811
chr1	202660	202932	0.014706
chr1	202992	203228	0.004237
chr1	203411	203893	0.006224
chr1	203968	205362	0.017934
chr1	213186	213833	0.010819
chr1	214896	215261	0.016438
chr1	215327	216700	0.014567
chr1	216697	216906	0.004785
chr1	221040	221507	0.008565
chr1	221760	222419	0.004552
chr1	223977	224531	0.018051
chr1	229825	231327	0.005992
chr1	231426	231935	0.007859
chr1	231932	232201	0.003717
chr1	237748	238728	0.010204
chr1	239440	240564	0.012456
chr1	240564	243269	0.012569
chr1	243266	244357	0.016499
chr1	244402	246258	0.014547
chr1	246308	246757	0.011136
chr1	247138	247734	0.005034
chr1	248036	248341	0.013115
chr1	248338	248547	0.019139
chr1	260895	262001	0.008137
chr1	262072	262953	0.009081
chr1	263214	263855	0.007800
chr1	263927	264985	0.012287
chr1	265303	266682	0.006526
chr1	276316	277680	0.008798
chr1	282678	282869	0.000000
chr1	282995	284575	0.009494
chr1	284678	285073	0.002532
chr1	285070	287397	0.007735
chr1	291074	291979	0.004420
chr1	291976	292446	0.002128
chr1	293073	293867	0.010076
chr1	299023	299622	0.010017
chr1	299619	300536	0.010905
chr1	300537	301322	0.010191
chr1	301319	302458	0.007902
chr1	303164	305503	0.006841
chr1	305500	306315	0.008589
chr1	306413	307300	0.011274
chr1	307933	308613	0.001471
chr1	310212	312119	0.005768
chr1	312375	313646	0.009441
chr1	313646	314653	0.004965
chr1	314664	315167	0.009940
chr1	315198	315632	0.009217
chr1	315632	316201	0.005272
chr1	316296	317195	0.007786
chr1	317284	318240	0.004184
chr1	331780	333264	0.007412
chr1	333471	334196	0.004138
chr1	334264	335667	0.005702
chr1	337206	339104	0.004742
chr1	339292	340050	0.005277
chr1	340103	341476	0.005098
chr1	341560	342405	0.001183
chr1	342505	343896	0.002876
chr1	344903	345622	0.006954
chr1	346220	347569	0.008895
chr1	347781	349220	0.013204
chr1	355444	355839	0.007595
chr1	355924	357615	0.007688
chr1	357820	358674	0.010539
chr1	358708	359241	0.033771
chr1	359353	360543	0.010924
chr1	360544	361545	0.013986
chr1	361619	362500	0.012486
chr1	370247	370930	0.024890
chr1	373445	373678	0.008584
chr1	373903	374385	0.002075
chr1	374637	376442	0.008310
chr1	376500	378671	0.011976
chr1	383246	383425	0.011173
chr1	383467	383643	0.017045
chr1	383763	384947	0.015203
chr1	385884	387119	0.011336
chr1	387219	388595	0.007994
chr1	388644	390068	0.010534
chr1	390255	391952	0.010607
chr1	392113	393585	0.007473
chr1	393777	394367	0.001695
chr1	394687	395538	0.005875
chr1	395747	396691	0.004237
chr1	396721	397599	0.004556
chr1	397592	398797	0.013278
chr1	399772	400023	0.019920
chr1	402021	402272	0.000000
chr1	402328	403101	0.005175
chr1	403203	404435	0.016234
chr1	404432	404596	0.006098
chr1	404596	406557	0.009689
chr1	406723	408783	0.004854
chr1	408858	409388	0.011321
chr1	409557	410534	0.005118
chr1	410689	411084	0.007595
chr1	420830	421267	0.009153
chr1	422845	423555	0.007042
chr1	423552	424346	0.013854
chr1	424343	424687	0.011628
chr1	424691	424924	0.004292
chr1	424948	425283	0.023881
chr1	425276	425674	0.012563
chr1	425748	427331	0.022110
chr1	427328	427945	0.014587
chr1	427945	428715	0.019481
chr1	431448	432062	0.008143
chr1	432264	433946	0.008323
chr1	434150	435007	0.001167
chr1	435149	436828	0.009529
chr1	437117	437488	0.002695
chr1	437650	438990	0.004478
chr1	439172	439702	0.007547
chr1	440879	441553	0.010386
chr1	441554	443293	0.009776
chr1	443480	445699	0.010816
chr1	449792	452203	0.005392
chr1	468058	469989	0.010357
chr1	476451	476882	0.009281
chr1	477866	478663	0.003764
chr1	478786	479229	0.009029
chr1	479409	479843	0.006912
chr1	479902	481692	0.008939
chr1	481991	483454	0.009569
chr1	483471	486821	0.006866
chr1	486950	488695	0.009742
chr1	488857	490662	0.007756
chr1	490901	491950	0.012393
chr1	493001	493249	0.004032
chr1	493376	494029	0.009188
chr1	494080	496698	0.006875
chr1	496764	498137	0.013838
chr1	498134	498391	0.011673
chr1	499036	499476	0.004545
chr1	499633	501621	0.014085
chr1	501633	504278	0.011342
chr1	523187	523819	0.014241
chr1	527045	527260	0.000000
chr1	527310	528029	0.004172
chr1	528206	530455	0.012005
chr1	530483	530974	0.014257
chr1	531010	531993	0.014242
chr1	531993	533891	0.013172
chr1	533907	534518	0.008183
chr1	534628	535443	0.004908
chr1	535643	536089	0.011211
chr1	536086	536685	0.013356
chr1	536790	538673	0.009559
chr1	540710	541975	0.000791
chr1	542256	543143	0.007892
chr1	546763	548364	0.016864
chr1	549911	551980	0.014016
chr1	552043	553845	0.012764
chr1	554013	554873	0.022093
chr1	554944	555759	0.014724
chr1	555810	557333	0.009192
chr1	559297	560328	0.018429
chr1	561240	561782	0.005535
chr1	561867	562997	0.004425
chr1	589806	591713	0.006293
chr1	601355	601804	0.006682
chr1	602203	603129	0.005400
chr1	603194	603781	0.013629
chr1	604018	604632	0.003257
chr1	605154	606068	0.014223
chr1	606266	606838	0.010490
chr1	606861	607475	0.014658
chr1	607492	608166	0.017804
chr1	608204	608704	0.010000
chr1	608868	609503	0.015748
chr1	611420	612745	0.008302
chr1	613321	613848	0.009488
chr1	615059	615484	0.002353
chr1	615489	616022	0.011257
chr1	616294	616776	0.014523
chr1	616777	616941	0.012195
chr1	617227	618492	0.016601
chr1	618555	619532	0.013306
chr1	619837	620274	0.009153
chr1	620287	621012	0.006897
chr1	626942	628642	0.005294
chr1	628776	629084	0.006494
chr1	629092	629592	0.004000
chr1	629596	629898	0.009934
chr1	630083	630919	0.003589
chr1	631878	632636	0.006596
chr1	632692	633450	0.011873
chr1	634729	636048	0.011372
chr1	637194	637892	0.008596
chr1	637988	638830	0.008314
chr1	638827	639915	0.009191
chr1	640041	641609	0.005740
chr1	641711	642976	0.003162
chr1	643050	643754	0.008523
chr1	643763	645562	0.015008
chr1	645833	646426	0.003373
chr1	646502	649282	0.007554
chr1	649398	650687	0.017843
chr1	650893	652500	0.007467
chr1	652575	652895	0.009375
chr1	652892	653890	0.007014
chr1	654120	655397	0.008614
chr1	655451	656329	0.004556
chr1	656458	657813	0.019926
chr1	657831	658292	0.015184
chr1	658343	658789	0.004484
chr1	659055	660839	0.012892
chr1	661167	663131	0.008656
chr1	663228	664832	0.011845
chr1	669630	670085	0.006593
chr1	670120	671469	0.007413
chr1	679628	680458	0.014458
chr1	680455	680754	0.006689
chr1	680967	681416	0.006682
chr1	681536	681802	0.007519
chr1	681819	682373	0.007220
chr1	682395	682976	0.017212
chr1	683064	683813	0.010681
chr1	683810	684115	0.000000
chr1	689523	689819	0.013514
chr1	689807	690064	0.007782
chr1	690133	691257	0.005338
chr1	692278	693303	0.004878
chr1	694401	694877	0.010504
chr1	696869	697240	0.016173
chr1	698569	699822	0.002394
chr1	699958	704178	0.006161
chr1	706859	707191	0.021084
chr1	707201	709522	0.015941
chr1	710420	711721	0.007686
chr1	711785	711958	0.017341
chr1	711983	712531	0.007299
chr1	712528	713157	0.003180
chr1	714530	714724	0.005155
chr1	714721	715329	0.003289
chr1	715622	716491	0.005754
chr1	716492	717709	0.007395
chr1	717712	719415	0.006459
chr1	721471	721815	0.005814
chr1	723348	723737	0.000000
chr1	723734	723991	0.007782
chr1	725772	726185	0.014528
chr1	727764	728612	0.008255
chr1	735715	736494	0.008986
chr1	738742	739728	0.014199
chr1	748247	748954	0.009901
chr1	749160	749336	0.005682
chr1	750610	751077	0.010707
chr1	751178	752761	0.007581
chr1	762135	764360	0.006292
chr1	766890	767321	0.002320
chr1	767318	769687	0.005488
chr1	769752	770144	0.002551
chr1	770467	771087	0.004839
chr1	772483	772917	0.004608
chr1	773458	774546	0.010110
chr1	774886	776178	0.017028
chr1	776566	777594	0.017510
chr1	779289	780260	0.010299
chr1	780260	781222	0.007277
chr1	781325	782227	0.006652
chr1	782345	783355	0.004950
chr1	783534	785132	0.022528
chr1	785186	786784	0.008135
chr1	787006	787734	0.009615
chr1	791256	791639	0.002611
chr1	791642	792736	0.006399
chr1	792828	793250	0.004739
chr1	793323	794771	0.003453
chr1	794892	796343	0.008270
chr1	796359	796646	0.010453
chr1	807921	808439	0.001931
chr1	809958	811505	0.013575
chr1	811525	811884	0.002786
chr1	812123	813646	0.008536
chr1	813739	814578	0.007151
chr1	814585	815064	0.014614
chr1	815057	816094	0.003857
chr1	816137	817480	0.008191
chr1	818109	818657	0.009124
chr1	818764	819396	0.003165
chr1	819396	820685	0.010085
chr1	820708	821331	0.001605
chr1	821328	822125	0.006274
chr1	827243	827479	0.004237
chr1	832852	833529	0.001477
chr1	837475	837756	0.007117
chr1	837753	838043	0.003448
chr1	845702	846436	0.009537
chr1	846478	847269	0.002528
chr1	848449	848589	0.000000
chr1	850974	851159	0.005405
chr1	851838	852281	0.011287
chr1	852494	853525	0.009699
chr1	854477	854869	0.005102
chr1	854953	855171	0.004587
chr1	855262	855741	0.012526
chr1	856091	856945	0.012881
chr1	856977	857396	0.019093
chr1	860878	861702	0.008495
chr1	861699	862856	0.006050
chr1	864064	864444	0.013158
chr1	864476	865144	0.013473
chr1	865208	865762	0.019856
chr1	868625	868879	0.003937
chr1	868884	869120	0.004237
chr1	869237	870475	0.010501
chr1	872115	873035	0.010870
chr1	873233	873850	0.006483
chr1	873852	873974	0.016393
chr1	878019	879452	0.008374
chr1	879449	882592	0.009863
chr1	882607	883755	0.004355
chr1	884666	884848	0.000000
chr1	885135	886166	0.013579
chr1	886189	886482	0.006826
chr1	891784	892731	0.009504
chr1	893027	894100	0.001864
chr1	894179	895261	0.008318
chr1	895671	897026	0.003690
chr1	897241	897690	0.002227
chr1	897827	898840	0.006910
chr1	898863	899966	0.009066
chr1	899978	901525	0.004525
chr1	901840	902529	0.007257
chr1	902695	903261	0.003534
chr1	903258	903842	0.013699
chr1	903914	905794	0.008511
chr1	905849	906514	0.010526
chr1	906665	907582	0.007634
chr1	910798	911004	0.000000
chr1	912362	912568	0.004854
chr1	912958	913662	0.004261
chr1	913947	915593	0.010328
chr1	915642	915935	0.006826
chr1	916259	916708	0.011136
chr1	916776	917510	0.004087
chr1	918696	919664	0.009298
chr1	923785	925284	0.010007
chr1	925748	925978	0.008696
chr1	926791	926997	0.019417
chr1	927780	928940	0.005172
chr1	930224	932350	0.002822
chr1	933419	933862	0.011287
chr1	933974	934558	0.013699
chr1	934895	935899	0.014940
chr1	936017	936982	0.010363
chr1	937737	938912	0.013617
chr1	947486	948022	0.016791
chr1	948068	948433	0.010959
chr1	953390	954286	0.010045
chr1	954529	956622	0.009556
chr1	956632	957816	0.006757
chr1	963175	964887	0.003505
chr1	964892	966031	0.004390
chr1	966116	967807	0.005322
chr1	969056	969577	0.003839
chr1	971893	972411	0.003861
chr1	973191	974867	0.005370
chr1	980533	981945	0.002125
chr1	987547	987858	0.006431
chr1	1006959	1007261	0.009934
chr1	1007275	1007583	0.009740
chr1	1007580	1008683	0.004533
chr1	1009448	1010320	0.006881
chr1	1010391	1012328	0.005679
chr1	1012468	1014132	0.009615
chr1	1014213	1015070	0.005834
chr1	1015067	1015867	0.011250
chr1	1016072	1016560	0.002049
chr1	1016557	1017951	0.013630
chr1	1018717	1020150	0.011165
chr1	1020203	1023157	0.009140
chr1	1023141	1023317	0.011364
chr1	1023393	1024277	0.013575
chr1	1024328	1024774	0.008969
chr1	1026966	1027283	0.015773
chr1	1027421	1029631	0.009955
chr1	1035274	1036071	0.006274
chr1	1036177	1036449	0.003676
chr1	1036549	1036893	0.014535
chr1	1036980	1038542	0.010883
chr1	1042071	1042505	0.000000
chr1	1049028	1049909	0.005675
chr1	1055622	1055843	0.004525
chr1	1063448	1066279	0.009184
chr1	1066276	1066968	0.013006
chr1	1067127	1068368	0.006446
chr1	1072665	1073840	0.007660
chr1	1073827	1074078	0.007968
chr1	1074097	1075278	0.009314
chr1	1077245	1078186	0.018066
chr1	1078183	1078518	0.008955
chr1	1078520	1078948	0.004673
chr1	1084652	1084933	0.000000
chr1	1085076	1086215	0.007902
chr1	1086289	1087737	0.007597
chr1	1087848	1088183	0.011940
chr1	1088439	1089377	0.004264
chr1	1089569	1091470	0.006839
chr1	1091494	1092153	0.018209
chr1	1098481	1099080	0.011686
chr1	1101414	1102223	0.004944
chr1	1102239	1103633	0.008608
chr1	1103719	1104978	0.003177
chr1	1105141	1106661	0.004605
chr1	1108068	1108388	0.003125
chr1	1108703	1109710	0.008937
chr1	1110246	1111571	0.012830
chr1	1111682	1112935	0.004789
chr1	1114766	1115728	0.007277
chr1	1124240	1125787	0.003878
chr1	1125869	1126204	0.008955
chr1	1126201	1126533	0.003012
chr1	1127350	1129020	0.013174
chr1	1129328	1129993	0.010526
chr1	1130062	1131324	0.010301
chr1	1131444	1132349	0.014365
chr1	1132354	1133733	0.015228
chr1	1133777	1134709	0.009657
chr1	1135910	1136575	0.015038
chr1	1136782	1137411	0.012719
chr1	1137484	1137732	0.016129
chr1	1137699	1138184	0.008247
chr1	1147879	1149321	0.013870
chr1	1154718	1155221	0.013917
chr1	1155240	1155794	0.012635
chr1	1159197	1160483	0.008554
chr1	1160494	1161294	0.010000
chr1	1170420	1170674	0.003937
chr1	1175075	1176847	0.011851
chr1	1188175	1188312	0.000000
chr1	1196470	1197237	0.009126
chr1	1198140	1198775	0.004724
chr1	1203339	1203809	0.008511
chr1	1204079	1205608	0.009156
chr1	1205814	1206572	0.001319
chr1	1209638	1210744	0.006329
chr1	1210741	1211661	0.008696
chr1	1215446	1215784	0.011834
chr1	1215816	1216007	0.020942
chr1	1216012	1218567	0.012133
chr1	1222152	1223099	0.006336
chr1	1223547	1227035	0.010034
chr1	1229539	1230876	0.008975
chr1	1232618	1234672	0.010224
chr1	1237669	1238250	0.003442
chr1	1238459	1239790	0.005259
chr1	1239787	1240821	0.005803
chr1	1240818	1241999	0.008467
chr1	1241996	1243582	0.006305
chr1	1243569	1244549	0.014286
chr1	1244546	1245271	0.009655
chr1	1245360	1246118	0.007916
chr1	1247944	1248318	0.005348
chr1	1250166	1251863	0.003536
chr1	1251870	1252091	0.018100
chr1	1253815	1254036	0.004525
chr1	1254083	1254172	0.000000
chr1	1254280	1255155	0.002286
chr1	1256026	1256928	0.006652
chr1	1257144	1257755	0.009820
chr1	1258255	1259358	0.002720
chr1	1259361	1260422	0.004713
chr1	1260433	1261845	0.007082
chr1	1263250	1263546	0.003378
chr1	1263899	1264240	0.011730
chr1	1264237	1264530	0.010239
chr1	1264596	1264967	0.013477
chr1	1264967	1265527	0.007143
chr1	1265550	1266260	0.004225
chr1	1266575	1267141	0.001767
chr1	1268484	1269092	0.006579
chr1	1269158	1269604	0.013453
chr1	1275215	1275313	0.010204
chr1	1275444	1276931	0.012105
chr1	1276928	1277584	0.004573
chr1	1277612	1278262	0.016923
chr1	1278273	1279064	0.006321
chr1	1279069	1279728	0.007587
chr1	1279725	1281173	0.003453
chr1	1281157	1281846	0.008708
chr1	1283187	1283585	0.007538
chr1	1286285	1286833	0.005474
chr1	1287899	1288573	0.010386
chr1	1290238	1291761	0.009192
chr1	1295265	1296716	0.013094
chr1	1296788	1297696	0.006608
chr1	1299156	1299959	0.002491
chr1	1301537	1301800	0.015209
chr1	1301909	1302883	0.010267
chr1	1303653	1306283	0.009125
chr1	1306429	1307301	0.006881
chr1	1315218	1317104	0.002121
chr1	1318320	1320296	0.016194
chr1	1320328	1321017	0.021771
chr1	1329745	1330506	0.007884
chr1	1330503	1331330	0.006046
chr1	1331324	1332124	0.003750
chr1	1332121	1332972	0.014101
chr1	1335013	1337028	0.008437
chr1	1337306	1338283	0.004094
chr1	1340427	1340618	0.020942
chr1	1342304	1343350	0.008604
chr1	1343459	1343869	0.012195
chr1	1347361	1347690	0.012158
chr1	1347832	1348101	0.007435
chr1	1348238	1348939	0.004280
chr1	1349060	1349794	0.014986
chr1	1351012	1351551	0.005566
chr1	1351611	1353140	0.006540
chr1	1353222	1353503	0.014235
chr1	1354608	1355579	0.004119
chr1	1356705	1357292	0.008518
chr1	1357840	1359849	0.009457
chr1	1360686	1361144	0.006550
chr1	1361714	1362190	0.023109
chr1	1362325	1362672	0.008646
chr1	1362884	1363168	0.014085
chr1	1363288	1363905	0.003241
chr1	1363915	1364451	0.000000
chr1	1364578	1365612	0.002901
chr1	1366142	1366465	0.012384
chr1	1366469	1367365	0.005580
chr1	1368966	1369667	0.002853
chr1	1370833	1371528	0.004317
chr1	1373376	1374698	0.016641
chr1	1374769	1376019	0.004000
chr1	1376476	1379385	0.007219
chr1	1382791	1383495	0.007102
chr1	1386101	1386415	0.006369
chr1	1386562	1387509	0.010560
chr1	1387657	1388586	0.013994
chr1	1393717	1395975	0.010186
chr1	1396234	1397484	0.007200
chr1	1397689	1398885	0.012542
chr1	1398882	1399235	0.008499
chr1	1399465	1400250	0.003822
chr1	1402328	1402882	0.005415
chr1	1403111	1403998	0.013529
chr1	1411380	1412315	0.007487
chr1	1412469	1413671	0.005824
chr1	1418839	1419516	0.004431
chr1	1420270	1421670	0.009286
chr1	1421675	1424809	0.009572
chr1	1424825	1425997	0.018771
chr1	1426749	1427447	0.022923
chr1	1427444	1427977	0.005629
chr1	1427986	1428531	0.014679
chr1	1431331	1432236	0.005525
chr1	1432249	1432503	0.027559
chr1	1432534	1433307	0.009056
chr1	1433414	1433647	0.025751
chr1	1433637	1435070	0.005583
chr1	1435226	1436398	0.006826
chr1	1446174	1447649	0.015593
chr1	1448022	1449434	0.020538
chr1	1458595	1459308	0.005610
chr1	1459505	1461988	0.010471
chr1	1462567	1463409	0.010689
chr1	1465633	1466043	0.007317
chr1	1466673	1467707	0.002901
chr1	1472960	1473658	0.012894
chr1	1476954	1478885	0.011911
chr1	1482036	1482485	0.013363
chr1	1482635	1483456	0.017052
chr1	1491470	1491943	0.012685
chr1	1491953	1492567	0.003257
chr1	1496001	1496525	0.000000
chr1	1496537	1499974	0.006401
chr1	1513395	1513703	0.003247
chr1	1514447	1514770	0.006192
chr1	1514908	1517475	0.010518
chr1	1519858	1520739	0.010216
chr1	1522308	1522523	0.004651
chr1	1525196	1526632	0.003482
chr1	1527358	1529205	0.004873
chr1	1529221	1530309	0.004596
chr1	1530380	1531444	0.015038
chr1	1531457	1532788	0.006762
chr1	1534241	1534429	0.010638
chr1	1534694	1535140	0.008969
chr1	1535296	1536459	0.006879
chr1	1536561	1536860	0.003344
chr1	1536857	1537216	0.002786
chr1	1537225	1537542	0.003155
chr1	1537926	1538645	0.011127
chr1	1538648	1538950	0.013245
chr1	1538970	1539536	0.014134
chr1	1543061	1543588	0.003795
chr1	1550638	1553706	0.012386
chr1	1556953	1557534	0.003442
chr1	1568687	1569820	0.012357
chr1	1577844	1580060	0.008574
chr1	1580491	1580640	0.020134
chr1	1581417	1581806	0.000000
chr1	1581950	1582306	0.008427
chr1	1584451	1585542	0.010999
chr1	1608866	1609360	0.002024
chr1	1611146	1611391	0.008163
chr1	1611530	1611847	0.012618
chr1	1622892	1623509	0.017828
chr1	1623502	1624896	0.012195
chr1	1625021	1625485	0.008621
chr1	1630506	1631219	0.011220
chr1	1639483	1639944	0.010846
chr1	1640299	1641003	0.008523
chr1	1641014	1641220	0.000000
chr1	1641264	1641974	0.009859
chr1	1642077	1643399	0.004539
chr1	1643497	1644045	0.005474
chr1	1644992	1645981	0.003033
chr1	1647120	1647263	0.020979
chr1	1647478	1647612	0.007463
chr1	1649253	1649651	0.002513
chr1	1649656	1650087	0.006961
chr1	1650381	1650488	0.009346
chr1	1650498	1653248	0.013091
chr1	1662103	1662375	0.007353
chr1	1662626	1663867	0.005641
chr1	1665793	1666776	0.011190
chr1	1666843	1667445	0.006645
chr1	1667442	1667975	0.009381
chr1	1668038	1668496	0.015284
chr1	1669260	1669799	0.005566
chr1	1670948	1671490	0.016605
chr1	1671471	1671566	0.000000
chr1	1672279	1672500	0.004525
chr1	1672587	1673177	0.015254
chr1	1691039	1691650	0.004910
chr1	1691935	1693200	0.010277
chr1	1693352	1693831	0.006263
chr1	1694019	1694873	0.003513
chr1	1697501	1698565	0.012218
chr1	1703339	1703809	0.014894
chr1	1703857	1704198	0.002933
chr1	1704654	1706696	0.004407
chr1	1709127	1709411	0.000000
chr1	1710471	1711817	0.005201
chr1	1711824	1712711	0.004510
chr1	1713232	1714410	0.008489
chr1	1714546	1715391	0.007101
chr1	1715537	1715806	0.007435
chr1	1715760	1716632	0.006881
chr1	1718028	1718918	0.012360
chr1	1719136	1721058	0.004683
chr1	1729156	1729677	0.003839
chr1	1729941	1730339	0.005025
chr1	1730385	1730969	0.008562
chr1	1731138	1731539	0.004988
chr1	1731845	1732861	0.015748
chr1	1748341	1751409	0.005541
chr1	1751410	1752504	0.005484
chr1	1765096	1765317	0.004525
chr1	1771840	1772580	0.008108
chr1	1772669	1773340	0.002981
chr1	1773340	1774038	0.001433
chr1	1774329	1775648	0.003791
chr1	1777007	1777555	0.003650
chr1	1797430	1798734	0.005368
chr1	1828326	1829522	0.006689
chr1	1832513	1833406	0.005599
chr1	1833349	1833705	0.002809
chr1	1833687	1834565	0.014806
chr1	1836832	1837068	0.008475
chr1	1838884	1840713	0.013122
chr1	1846974	1847828	0.010539
chr1	1850302	1850514	0.000000
chr1	1853174	1854679	0.007973
chr1	1854699	1855058	0.008357
chr1	1855142	1856146	0.003984
chr1	1856901	1857170	0.011152
chr1	1857160	1858782	0.008015
chr1	1858820	1859164	0.014535
chr1	1859161	1859451	0.003448
chr1	1869865	1870620	0.007947
chr1	1870638	1871780	0.009632
chr1	1871993	1874608	0.004589
chr1	1875703	1876566	0.003476
chr1	1877697	1878425	0.006868
chr1	1878430	1878927	0.002012
chr1	1885080	1885370	0.003448
chr1	1893149	1894546	0.011453
chr1	1895875	1899153	0.007016
chr1	1899155	1901392	0.014305
chr1	1901428	1902567	0.010536
chr1	1902587	1903708	0.005352
chr1	1903902	1906802	0.005862
chr1	1907397	1907783	0.015544
chr1	1907780	1908484	0.009943
chr1	1908486	1909175	0.011611
chr1	1909257	1910525	0.007886
chr1	1910515	1911198	0.010249
chr1	1916934	1918154	0.009016
chr1	1918166	1918681	0.011650
chr1	1918977	1919888	0.005488
chr1	1930483	1931487	0.012948
chr1	1942759	1943121	0.005525
chr1	1943225	1944688	0.011620
chr1	1944773	1945600	0.018138
chr1	1948106	1949041	0.004278
chr1	1950515	1951504	0.013145
chr1	1951667	1953046	0.006526
chr1	1953148	1953960	0.011084
chr1	1970528	1971535	0.009930
chr1	1972748	1974232	0.010108
chr1	1974252	1975781	0.007848
chr1	1975797	1977647	0.008649
chr1	1977644	1977952	0.003247
chr1	1977949	1978458	0.003929
chr1	1978619	1979167	0.007299
chr1	1979179	1980171	0.013105
chr1	1980168	1982891	0.004774
chr1	1982950	1984296	0.010401
chr1	1984293	1984787	0.000000
chr1	1984790	1986571	0.004492
chr1	1986635	1987312	0.002954
chr1	1987323	1987736	0.000000
chr1	1988319	1989914	0.004389
chr1	1990475	1991284	0.009889
chr1	1991281	1991922	0.000000
chr1	1991931	1992356	0.004706
chr1	1992349	1993515	0.006861
chr1	1993737	1995107	0.010949
chr1	1995256	1996119	0.012746
chr1	1996122	1996742	0.009677
chr1	1996739	1997851	0.017986
chr1	1998114	1998554	0.004545
chr1	1998717	2000945	0.005386
chr1	2002630	2002899	0.003717
chr1	2005889	2006107	0.009174
chr1	2006512	2007219	0.012730
chr1	2007216	2007953	0.012212
chr1	2008008	2008958	0.004211
chr1	2016994	2017992	0.005010
chr1	2018078	2019061	0.007121
chr1	2019058	2019393	0.011940
chr1	2019390	2019689	0.010033
chr1	2019689	2020048	0.002786
chr1	2020049	2020441	0.007653
chr1	2020563	2021231	0.008982
chr1	2027089	2027730	0.010920
chr1	2028155	2029045	0.007865
chr1	2029054	2029299	0.000000
chr1	2030977	2031555	0.005190
chr1	2033047	2033688	0.004680
chr1	2033862	2035265	0.007840
chr1	2051877	2052065	0.015957
chr1	2052581	2053492	0.003293
chr1	2055247	2056068	0.008526
chr1	2056058	2057590	0.011097
chr1	2057685	2057834	0.026846
chr1	2058479	2058811	0.003012
chr1	2061300	2062064	0.011780
chr1	2062102	2063619	0.004614
chr1	2068095	2069030	0.007487
chr1	2072821	2074689	0.006959
chr1	2076188	2077705	0.008570
chr1	2077721	2078080	0.002786
chr1	2078077	2079474	0.009306
chr1	2079484	2080431	0.008448
chr1	2080428	2080874	0.015695
chr1	2081037	2081531	0.014170
chr1	2081715	2082479	0.013089
chr1	2082493	2085360	0.008720
chr1	2085360	2085800	0.013636
chr1	2085781	2087199	0.003526
chr1	2087189	2088121	0.004292
chr1	2088118	2088810	0.002890
chr1	2088807	2089217	0.009756
chr1	2089230	2089589	0.008357
chr1	2089606	2089839	0.012876
chr1	2089836	2090219	0.002611
chr1	2090846	2091595	0.006676
chr1	2091592	2093778	0.005032
chr1	2093783	2094331	0.010949
chr1	2094328	2094918	0.003390
chr1	2094900	2095619	0.002782
chr1	2095634	2096284	0.010769
chr1	2096281	2096901	0.004839
chr1	2097041	2097910	0.012658
chr1	2098023	2100302	0.005704
chr1	2100402	2101511	0.006312
chr1	2101576	2102226	0.010769
chr1	2102303	2102563	0.011538
chr1	2102580	2102987	0.012285
chr1	2103084	2103416	0.015060
chr1	2103512	2104201	0.014514
chr1	2104259	2105176	0.009815
chr1	2105438	2105953	0.023301
chr1	2105953	2106795	0.026128
chr1	2106942	2107295	0.014164
chr1	2107439	2108251	0.018473
chr1	2108538	2108816	0.014388
chr1	2108914	2109648	0.013624
chr1	2109861	2110253	0.007653
chr1	2110275	2110487	0.014151
chr1	2110817	2111374	0.016158
chr1	2111619	2113220	0.014366
chr1	2113756	2115768	0.014414
chr1	2116048	2116488	0.011364
chr1	2116562	2117089	0.003795
chr1	2117086	2117865	0.006418
chr1	2118196	2119182	0.010142
chr1	2119444	2120004	0.019643
chr1	2120020	2121672	0.011501
chr1	2121665	2121922	0.007782
chr1	2121906	2122781	0.001143
chr1	2122825	2123037	0.000000
chr1	2123157	2123912	0.003974
chr1	2138259	2138528	0.014870
chr1	2142682	2143644	0.007277
chr1	2144507	2145361	0.001171
chr1	2148393	2148776	0.010444
chr1	2149001	2150347	0.007429
chr1	2150522	2150893	0.013477
chr1	2150890	2151777	0.009019
chr1	2154851	2155348	0.010060
chr1	2155332	2156990	0.005428
chr1	2158485	2158709	0.004464
chr1	2158840	2159859	0.006869
chr1	2160243	2161283	0.009615
chr1	2161299	2162324	0.005854
chr1	2162974	2163309	0.017910
chr1	2163462	2167172	0.008625
chr1	2170380	2170607	0.000000
chr1	2170709	2170978	0.018587
chr1	2173098	2173649	0.005445
chr1	2173646	2174215	0.005272
chr1	2174266	2174880	0.013029
chr1	2174888	2176522	0.005508
chr1	2179298	2179645	0.014409
chr1	2181175	2182563	0.012968
chr1	2182560	2185739	0.008179
chr1	2185768	2187006	0.009693
chr1	2187193	2188107	0.006565
chr1	2190969	2191457	0.010246
chr1	2193987	2194409	0.004739
chr1	2200403	2201950	0.003232
chr1	2201970	2202329	0.005571
chr1	2202791	2204062	0.008655
chr1	2208902	2210278	0.007267
chr1	2210281	2210958	0.001477
chr1	2219401	2219589	0.000000
chr1	2219640	2220434	0.001259
chr1	2220431	2221267	0.002392
chr1	2221313	2221573	0.015385
chr1	2226940	2228265	0.007547
chr1	2228422	2228754	0.003012
chr1	2228900	2232049	0.007304
chr1	2232046	2233506	0.003425
chr1	2233503	2234765	0.007924
chr1	2237132	2238133	0.003996
chr1	2239831	2240262	0.004640
chr1	2242679	2242987	0.012987
chr1	2243832	2244050	0.000000
chr1	2245047	2245439	0.005102
chr1	2261507	2262487	0.003061
chr1	2262596	2263186	0.015254
chr1	2263269	2264093	0.004854
chr1	2264095	2264340	0.000000
chr1	2264396	2265382	0.014199
chr1	2265387	2265875	0.006148
chr1	2265996	2266985	0.011122
chr1	2267140	2269512	0.005059
chr1	2270572	2271765	0.004191
chr1	2272085	2274697	0.008806
chr1	2274694	2275851	0.009507
chr1	2275990	2276877	0.004510
chr1	2276874	2277611	0.010855
chr1	2281060	2281464	0.000000
chr1	2283398	2284015	0.004862
chr1	2284870	2285844	0.003080
chr1	2285940	2286446	0.003953
chr1	2286576	2287481	0.007735
chr1	2287484	2288440	0.007322
chr1	2290618	2290890	0.007353
chr1	2291029	2292402	0.007283
chr1	2293037	2293993	0.001046
chr1	2294064	2294345	0.000000
chr1	2294436	2295041	0.008264
chr1	2298888	2299196	0.012987
chr1	2300899	2301918	0.005888
chr1	2302095	2303108	0.005923
chr1	2303166	2304443	0.007048
chr1	2304493	2305614	0.005352
chr1	2308666	2309553	0.005637
chr1	2309553	2310719	0.010292
chr1	2310964	2312400	0.004178
chr1	2312467	2313693	0.004078
chr1	2313759	2316590	0.005298
chr1	2316840	2317547	0.002829
chr1	2317559	2319331	0.004515
chr1	2319335	2319703	0.002717
chr1	2319697	2320071	0.005348
chr1	2322946	2323164	0.000000
chr1	2323231	2323482	0.007968
chr1	2323556	2324428	0.003440
chr1	2327073	2328830	0.005692
chr1	2328968	2329558	0.008475
chr1	2329568	2330683	0.006278
chr1	2331059	2331457	0.007538
chr1	2334319	2334975	0.003049
chr1	2335104	2335331	0.000000
chr1	2337771	2338760	0.003033
chr1	2338797	2339816	0.008832
chr1	2345066	2345713	0.015456
chr1	2346643	2347464	0.003654
chr1	2347464	2349143	0.007147
chr1	2349181	2349993	0.003695
chr1	2350196	2352439	0.005796
chr1	2352561	2353355	0.006297
chr1	2353528	2353980	0.013274
chr1	2354022	2354780	0.006596
chr1	2357323	2358765	0.007628
chr1	2372236	2372961	0.005517
chr1	2374038	2376182	0.013993
chr1	2376278	2377483	0.009129
chr1	2378074	2378496	0.002370
chr1	2378450	2378956	0.003953
chr1	2380347	2381144	0.002509
chr1	2381141	2382091	0.003158
chr1	2382094	2383503	0.004968
chr1	2384104	2386707	0.006915
chr1	2386676	2387839	0.003439
chr1	2388087	2388479	0.015306
chr1	2388738	2389922	0.010980
chr1	2390349	2392730	0.012180
chr1	2393919	2394203	0.003521
chr1	2395457	2395951	0.012146
chr1	2395948	2397132	0.002534
chr1	2397706	2398410	0.007102
chr1	2399648	2400340	0.002890
chr1	2400523	2401224	0.018545
chr1	2414454	2415773	0.009856
chr1	2418949	2420262	0.010663
chr1	2420259	2420927	0.005988
chr1	2420927	2421241	0.022293
chr1	2421241	2421549	0.006494
chr1	2423273	2423614	0.020528
chr1	2425008	2425223	0.023256
chr1	2425292	2425885	0.010118
chr1	2425929	2426660	0.020520
chr1	2442078	2443457	0.005801
chr1	2443481	2444827	0.007429
chr1	2444857	2445414	0.005386
chr1	2445431	2446720	0.008534
chr1	2448181	2448453	0.011029
chr1	2451897	2452739	0.007126
chr1	2452749	2453384	0.003150
chr1	2453398	2454189	0.005057
chr1	2454831	2455187	0.008427
chr1	2455168	2455470	0.006623
chr1	2455474	2457852	0.006308
chr1	2458029	2459045	0.003937
chr1	2459142	2459498	0.008427
chr1	2459528	2459722	0.005155
chr1	2459783	2460316	0.005629
chr1	2460334	2462256	0.009886
chr1	2464114	2465067	0.005247
chr1	2465052	2465459	0.017199
chr1	2465717	2467264	0.009696
chr1	2467248	2468411	0.010318
chr1	2468489	2470432	0.007205
chr1	2470420	2471574	0.006066
chr1	2471546	2471827	0.000000
chr1	2471913	2472665	0.002660
chr1	2472753	2473667	0.007659
chr1	2474311	2475831	0.007237
chr1	2476148	2477923	0.004507
chr1	2478718	2479647	0.006459
chr1	2479767	2480516	0.008011
chr1	2480538	2481551	0.003949
chr1	2481559	2481978	0.002387
chr1	2485127	2485777	0.012308
chr1	2485774	2487039	0.018182
chr1	2487053	2487490	0.018307
chr1	2494609	2495103	0.012146
chr1	2495193	2495864	0.011923
chr1	2495861	2496418	0.014363
chr1	2496430	2498118	0.007701
chr1	2498205	2499650	0.007612
chr1	2499827	2500639	0.011084
chr1	2500639	2500989	0.014286
chr1	2500999	2501832	0.015606
chr1	2502207	2503487	0.011719
chr1	2504471	2505400	0.010764
chr1	2505401	2506150	0.005340
chr1	2508266	2509042	0.001289
chr1	2509045	2510256	0.007432
chr1	2510398	2511906	0.005968
chr1	2511982	2512503	0.009597
chr1	2512853	2513464	0.016367
chr1	2513485	2514762	0.014096
chr1	2514759	2515643	0.012443
chr1	2515782	2516435	0.007657
chr1	2516460	2517290	0.003614
chr1	2517331	2520159	0.008840
chr1	2520313	2521323	0.003960
chr1	2521459	2522571	0.002698
chr1	2522628	2523710	0.001848
chr1	2523786	2524433	0.009274
chr1	2524445	2525872	0.009110
chr1	2531144	2531593	0.006682
chr1	2531840	2532787	0.006336
chr1	2533286	2533735	0.011136
chr1	2535851	2536270	0.002387
chr1	2538530	2538847	0.025237
chr1	2538971	2539453	0.004149
chr1	2539508	2539765	0.007782
chr1	2539787	2539960	0.000000
chr1	2540565	2540858	0.010239
chr1	2540878	2541372	0.002024
chr1	2541424	2542836	0.005666
chr1	2542853	2544253	0.005714
chr1	2544240	2544539	0.013378
chr1	2544614	2545009	0.007595
chr1	2545049	2546038	0.006067
chr1	2546069	2546161	0.000000
chr1	2546231	2546833	0.004983
chr1	2546941	2548098	0.012100
chr1	2553094	2553741	0.009274
chr1	2555774	2556670	0.005580
chr1	2557050	2557811	0.003942
chr1	2558296	2559312	0.005906
chr1	2559408	2560109	0.002853
chr1	2563164	2563982	0.006112
chr1	2564059	2564844	0.010191
chr1	2564940	2565563	0.011236
chr1	2575435	2576109	0.007418
chr1	2590030	2590473	0.004515
chr1	2596272	2597429	0.011236
chr1	2597654	2597836	0.010989
chr1	2597934	2598731	0.015056
chr1	2598728	2599552	0.007282
chr1	2599567	2600781	0.011532
chr1	2600853	2601521	0.004491
chr1	2601493	2602404	0.006586
chr1	2606044	2606604	0.019643
chr1	2607153	2607524	0.002695
chr1	2610600	2611646	0.013384
chr1	2614345	2615373	0.014591
chr1	2615370	2616182	0.006158
chr1	2618575	2618856	0.010676
chr1	2621168	2623240	0.012066
chr1	2623519	2623950	0.002320
chr1	2624083	2625243	0.007759
chr1	2625334	2627466	0.004690
chr1	2628067	2628276	0.004785
chr1	2629450	2630598	0.004355
chr1	2630665	2631243	0.008651
chr1	2631274	2631873	0.011686
chr1	2632076	2632402	0.003067
chr1	2632451	2634562	0.005685
chr1	2636479	2636685	0.009709
chr1	2638148	2638978	0.008434
chr1	2639200	2642268	0.009126
chr1	2642265	2643287	0.010763
chr1	2643548	2644342	0.003778
chr1	2644339	2645271	0.004292
chr1	2645426	2646088	0.007553
chr1	2659941	2660423	0.006224
chr1	2660420	2661310	0.008989
chr1	2663732	2664190	0.015284
chr1	2664187	2664672	0.002062
chr1	2664970	2666100	0.006195
chr1	2669050	2669301	0.015936
chr1	2669370	2670425	0.010427
chr1	2675935	2676642	0.015559
chr1	2676880	2677224	0.002907
chr1	2677598	2678296	0.004298
chr1	2678296	2678949	0.001531
chr1	2678980	2679531	0.003630
chr1	2679528	2679719	0.010471
chr1	2679781	2680320	0.003711
chr1	2680337	2681497	0.008621
chr1	2681494	2682585	0.007333
chr1	2684887	2685834	0.006336
chr1	2685913	2686041	0.007812
chr1	2689323	2691683	0.006356
chr1	2691744	2692565	0.001218
chr1	2692779	2696267	0.007741
chr1	2696274	2696933	0.012140
chr1	2703873	2704640	0.005215
chr1	2706969	2707322	0.002833
chr1	2712212	2713432	0.010656
chr1	2713866	2714114	0.000000
chr1	2714406	2714525	0.000000
chr1	2715077	2716093	0.002953
chr1	2716090	2717463	0.001457
chr1	2717701	2718102	0.002494
chr1	2719767	2721080	0.006855
chr1	2722375	2723565	0.004202
chr1	2723763	2724689	0.009719
chr1	2727414	2727851	0.011442
chr1	2728046	2728237	0.000000
chr1	2731478	2732473	0.020101
chr1	2733511	2734047	0.011194
chr1	2734047	2734700	0.007657
chr1	2742331	2742657	0.006135
chr1	2742654	2743865	0.010735
chr1	2743862	2744350	0.010246
chr1	2744347	2744886	0.007421
chr1	2744883	2746856	0.007603
chr1	2746853	2747341	0.018443
chr1	2747338	2747514	0.005682
chr1	2747511	2748266	0.009272
chr1	2748361	2749032	0.002981
chr1	2749029	2749673	0.006211
chr1	2751847	2752260	0.002421
chr1	2752264	2752743	0.002088
chr1	2752840	2753643	0.006227
chr1	2753730	2754518	0.002538
chr1	2754601	2755410	0.006180
chr1	2755423	2756163	0.010811
chr1	2756189	2757325	0.007042
chr1	2757371	2759590	0.005858
chr1	2759603	2760391	0.013959
chr1	2760411	2760836	0.004706
chr1	2760886	2761608	0.008310
chr1	2761629	2762459	0.004819
chr1	2762550	2763860	0.011450
chr1	2763872	2766019	0.007918
chr1	2766105	2767241	0.006162
chr1	2767244	2768020	0.007732
chr1	2768028	2768297	0.000000
chr1	2768309	2769094	0.003822
chr1	2769094	2769525	0.000000
chr1	2769528	2770004	0.002101
chr1	2770075	2771046	0.003090
chr1	2771059	2771580	0.001919
chr1	2771821	2773047	0.015498
chr1	2773116	2773469	0.011331
chr1	2773500	2775188	0.011848
chr1	2775191	2775496	0.009836
chr1	2775582	2776031	0.008909
chr1	2776102	2777448	0.017831
chr1	2777438	2778238	0.008750
chr1	2778522	2779538	0.004921
chr1	2779531	2781315	0.005045
chr1	2781326	2781655	0.012158
chr1	2781801	2782094	0.006826
chr1	2782091	2782315	0.004464
chr1	2782394	2783779	0.005776
chr1	2783783	2785009	0.003263
chr1	2785291	2786766	0.010847
chr1	2787016	2787309	0.013652
chr1	2787340	2787717	0.007958
chr1	2787826	2789235	0.006388
chr1	2789363	2789716	0.002833
chr1	2789786	2791234	0.004144
chr1	2791636	2791947	0.006431
chr1	2791944	2792195	0.000000
chr1	2793284	2794879	0.005016
chr1	2794919	2796940	0.008412
chr1	2796949	2798130	0.011854
chr1	2798138	2799448	0.009924
chr1	2799459	2800148	0.008708
chr1	2800199	2800984	0.010191
chr1	2801018	2801758	0.005405
chr1	2801914	2803218	0.001534
chr1	2803243	2803932	0.004354
chr1	2803943	2804386	0.013544
chr1	2804398	2804832	0.002304
chr1	2805327	2806154	0.009674
chr1	2806198	2807130	0.002146
chr1	2809896	2811368	0.002038
chr1	2813500	2814777	0.002349
chr1	2815131	2815232	0.000000
chr1	2815306	2818773	0.008653
chr1	2819436	2820386	0.003158
chr1	2820936	2821925	0.010111
chr1	2822127	2824430	0.006513
chr1	2832120	2832257	0.007299
chr1	2835192	2836946	0.005701
chr1	2836956	2838035	0.012048
chr1	2845243	2846112	0.005754
chr1	2846356	2847477	0.007136
chr1	2847494	2848372	0.002278
chr1	2849921	2850595	0.002967
chr1	2850623	2850796	0.000000
chr1	2851133	2851372	0.008368
chr1	2853276	2858117	0.009296
chr1	2866207	2867532	0.006792
chr1	2868113	2870467	0.005947
chr1	2870486	2871634	0.005226
chr1	2871779	2873149	0.002920
chr1	2873218	2875227	0.003982
chr1	2875844	2878501	0.008280
chr1	2878553	2879389	0.008373
chr1	2879389	2879652	0.007605
chr1	2879742	2880602	0.009302
chr1	2880599	2881573	0.011294
chr1	2881574	2882461	0.001127
chr1	2883747	2884856	0.018034
chr1	2884879	2885820	0.014878
chr1	2885823	2887190	0.013168
chr1	2888510	2888941	0.011601
chr1	2889005	2891134	0.007985
chr1	2894152	2894580	0.016355
chr1	2900732	2901535	0.012453
chr1	2901705	2902769	0.011278
chr1	2903033	2903164	0.007634
chr1	2903284	2904108	0.008495
chr1	2906362	2907543	0.011854
chr1	2907624	2908073	0.000000
chr1	2909042	2910181	0.009658
chr1	2912414	2913796	0.005065
chr1	2913793	2914470	0.020679
chr1	2914679	2915284	0.004959
chr1	2915397	2916569	0.010239
chr1	2920910	2921386	0.000000
chr1	2923805	2925022	0.018077
chr1	2926618	2927322	0.008523
chr1	2927319	2928401	0.006470
chr1	2928475	2929515	0.004808
chr1	2933112	2933330	0.004587
chr1	2933358	2933819	0.013015
chr1	2933807	2933974	0.000000
chr1	2934008	2935276	0.005521
chr1	2935788	2935991	0.004926
chr1	2936367	2937374	0.008937
chr1	2937476	2938354	0.007973
chr1	2938403	2939341	0.003198
chr1	2939367	2940041	0.007418
chr1	2940041	2940790	0.008011
chr1	2940778	2941836	0.007561
chr1	2941833	2942351	0.001931
chr1	2942412	2943254	0.004751
chr1	2943369	2944481	0.010791
chr1	2946047	2946745	0.014327
chr1	2946742	2947020	0.007194
chr1	2947497	2948786	0.006982
chr1	2948935	2949780	0.008284
chr1	2949784	2951415	0.010423
chr1	2951567	2952889	0.006808
chr1	2952948	2953898	0.009474
chr1	2954036	2957566	0.004816
chr1	2957638	2958234	0.011745
chr1	2958234	2959367	0.005296
chr1	2959373	2960149	0.005155
chr1	2960146	2960586	0.011364
chr1	2960634	2961689	0.003791
chr1	2961692	2962195	0.001988
chr1	2962240	2964600	0.006356
chr1	2964686	2966038	0.013314
chr1	2966103	2967287	0.019426
chr1	2967284	2968099	0.012270
chr1	2968099	2968845	0.010724
chr1	2968863	2969420	0.003591
chr1	2969417	2970160	0.008075
chr1	2970349	2971212	0.011587
chr1	2971492	2972232	0.006757
chr1	2981115	2981585	0.014894
chr1	2981625	2982467	0.011876
chr1	2982568	2983377	0.009889
chr1	2986617	2986826	0.009569
chr1	2987057	2988049	0.009073
chr1	2988207	2990033	0.007667
chr1	2990046	2990777	0.010944
chr1	2990774	2991697	0.011918
chr1	2993524	2994795	0.007081
chr1	2994888	2995085	0.020305
chr1	2995296	2995805	0.009823
chr1	2995878	2997005	0.004437
chr1	2999210	3000289	0.011121
chr1	3000696	3001121	0.011765
chr1	3001687	3002124	0.004577
chr1	3006369	3006899	0.001887
chr1	3007422	3008861	0.006254
chr1	3009837	3010064	0.004405
chr1	3010088	3010345	0.000000
chr1	3010668	3014708	0.006683
chr1	3015039	3016727	0.001777
chr1	3017119	3018807	0.004147
chr1	3024604	3025455	0.005875
chr1	3025466	3025669	0.014778
chr1	3025656	3027644	0.016097
chr1	3027839	3027955	0.008621
chr1	3028162	3028323	0.006211
chr1	3028320	3028919	0.015025
chr1	3028956	3029249	0.010239
chr1	3034908	3035168	0.007692
chr1	3036245	3036991	0.022788
chr1	3036984	3037673	0.013062
chr1	3037725	3038624	0.008899
chr1	3038617	3039306	0.005806
chr1	3039303	3039680	0.010610
chr1	3039769	3040623	0.004684
chr1	3040630	3042429	0.009450
chr1	3042583	3044007	0.004213
chr1	3044031	3044486	0.010989
chr1	3044483	3045430	0.006336
chr1	3045446	3046018	0.008741
chr1	3046049	3046630	0.008606
chr1	3046624	3046815	0.015707
chr1	3048582	3049049	0.010707
chr1	3049033	3049287	0.027559
chr1	3052135	3053532	0.008590
chr1	3053529	3054221	0.010116
chr1	3059857	3060738	0.012486
chr1	3064412	3064561	0.000000
chr1	3064675	3065013	0.002959
chr1	3065026	3065295	0.018587
chr1	3065280	3065777	0.010060
chr1	3065774	3067285	0.001324
chr1	3067282	3067611	0.003040
chr1	3067613	3070405	0.005372
chr1	3070766	3071227	0.004338
chr1	3071342	3072475	0.004413
chr1	3072530	3073897	0.004389
chr1	3074057	3075178	0.005352
chr1	3075279	3075797	0.009653
chr1	3076287	3076592	0.000000
chr1	3076685	3077809	0.005338
chr1	3078238	3078885	0.003091
chr1	3078967	3079698	0.009576
chr1	3079699	3080844	0.012227
chr1	3086831	3089035	0.008621
chr1	3089621	3090382	0.007884
chr1	3090375	3090680	0.003279
chr1	3090840	3091574	0.006812
chr1	3091718	3092347	0.004769
chr1	3094543	3095097	0.003610
chr1	3099386	3100078	0.008671
chr1	3102961	3103527	0.007067
chr1	3104451	3105539	0.007353
chr1	3115066	3116283	0.012325
chr1	3116401	3117348	0.014784
chr1	3119397	3120722	0.006792
chr1	3122072	3122443	0.018868
chr1	3122539	3122856	0.022082
chr1	3129243	3129932	0.013062
chr1	3130510	3131391	0.009081
chr1	3138265	3140052	0.005596
chr1	3141079	3141501	0.004739
chr1	3149980	3150177	0.010152
chr1	3152160	3152711	0.009074
chr1	3159866	3160162	0.013514
chr1	3160343	3160438	0.021053
chr1	3161067	3162194	0.004437
chr1	3162918	3163634	0.006983
chr1	3169527	3170387	0.008140
chr1	3172213	3173769	0.004499
chr1	3173923	3174486	0.010657
chr1	3174642	3175604	0.010395
chr1	3179656	3180111	0.008791
chr1	3180122	3180487	0.010959
chr1	3180484	3180810	0.009202
chr1	3181008	3181427	0.002387
chr1	3181764	3182480	0.006983
chr1	3184215	3186038	0.005485
chr1	3187645	3188064	0.009547
chr1	3191151	3192476	0.010566
chr1	3193481	3194386	0.006630
chr1	3194386	3195258	0.002294
chr1	3195422	3196021	0.010017
chr1	3196156	3196470	0.012739
chr1	3199170	3199949	0.008986
chr1	3200993	3201358	0.010959
chr1	3201523	3202173	0.012308
chr1	3203263	3203985	0.002770
chr1	3204565	3204759	0.000000
chr1	3204797	3207199	0.010408
chr1	3210063	3211121	0.003781
chr1	3211393	3212067	0.002967
chr1	3212070	3212750	0.004412
chr1	3212931	3213743	0.004926
chr1	3213750	3214247	0.018109
chr1	3214302	3215600	0.010786
chr1	3215606	3216625	0.007851
chr1	3216625	3217077	0.004425
chr1	3217105	3217797	0.004335
chr1	3217800	3218252	0.008850
chr1	3218306	3219358	0.006654
chr1	3219460	3220068	0.004934
chr1	3220087	3220611	0.000000
chr1	3220826	3221575	0.001335
chr1	3221680	3223455	0.006197
chr1	3226885	3227091	0.004854
chr1	3227088	3227519	0.000000
chr1	3229546	3229908	0.000000
chr1	3232877	3233698	0.003654
chr1	3233685	3234119	0.006912
chr1	3234122	3234802	0.005882
chr1	3239075	3239287	0.009434
chr1	3239703	3241187	0.005391
chr1	3241643	3242776	0.008826
chr1	3244590	3245903	0.010663
chr1	3246062	3246394	0.012048
chr1	3246404	3246832	0.011682
chr1	3246907	3248070	0.006879
chr1	3248172	3248984	0.006158
chr1	3249090	3249458	0.005435
chr1	3253282	3254478	0.014214
chr1	3254704	3255636	0.011803
chr1	3260891	3261640	0.010681
chr1	3265865	3266626	0.006570
chr1	3266623	3267552	0.006459
chr1	3267816	3268757	0.002125
chr1	3268771	3268905	0.000000
chr1	3269049	3269303	0.003937
chr1	3269249	3269551	0.013245
chr1	3269530	3269838	0.006494
chr1	3269878	3270174	0.000000
chr1	3273162	3273791	0.006359
chr1	3279419	3280954	0.009121
chr1	3280951	3282339	0.008646
chr1	3282336	3282638	0.016556
chr1	3282771	3283262	0.008147
chr1	3283402	3283755	0.016997
chr1	3283921	3286410	0.011249
chr1	3287162	3287506	0.002907
chr1	3289839	3292754	0.006861
chr1	3294138	3294407	0.000000
chr1	3294397	3296019	0.007398
chr1	3296057	3296401	0.000000
chr1	3296398	3296688	0.003448
chr1	3299443	3302697	0.004917
chr1	3302700	3305801	0.002257
chr1	3305813	3307156	0.005957
chr1	3307162	3309003	0.006518
chr1	3308993	3309850	0.010502
chr1	3310323	3312248	0.006234
chr1	3312596	3313303	0.005658
chr1	3313392	3314033	0.012480
chr1	3320389	3321087	0.007163
chr1	3321026	3322711	0.008902
chr1	3323277	3324824	0.006464
chr1	3324906	3325241	0.017910
chr1	3325238	3325570	0.012048
chr1	3325816	3326637	0.009744
chr1	3326685	3327554	0.004603
chr1	3327831	3327998	0.000000
chr1	3328282	3329181	0.011123
chr1	3337535	3338173	0.010972
chr1	3338237	3338632	0.007595
chr1	3338629	3339303	0.004451
chr1	3339300	3340847	0.004525
chr1	3340850	3341545	0.005755
chr1	3341545	3342552	0.007944
chr1	3342564	3343484	0.003261
chr1	3343477	3344589	0.001799
chr1	3344593	3345702	0.005410
chr1	3347130	3347252	0.008197
chr1	3348036	3350123	0.008625
chr1	3350120	3353797	0.011422
chr1	3353794	3357255	0.008090
chr1	3357395	3357988	0.003373
chr1	3357999	3358907	0.007709
chr1	3358984	3359736	0.006649
chr1	3368582	3368971	0.005141
chr1	3368977	3369279	0.006623
chr1	3369589	3372405	0.009588
chr1	3372402	3373082	0.008824
chr1	3373079	3374386	0.008416
chr1	3374444	3375448	0.009960
chr1	3375559	3376251	0.001445
chr1	3376262	3376720	0.004367
chr1	3385838	3386254	0.007212
chr1	3386450	3387253	0.002491
chr1	3387246	3388754	0.005968
chr1	3389350	3389622	0.007353
chr1	3390294	3390560	0.011278
chr1	3390560	3391885	0.006038
chr1	3392005	3392496	0.010183
chr1	3392516	3392719	0.000000
chr1	3392753	3394021	0.007098
chr1	3394533	3394736	0.000000
chr1	3396060	3396515	0.004396
chr1	3396531	3397313	0.007673
chr1	3397388	3398536	0.009582
chr1	3398679	3400157	0.016915
chr1	3400271	3401410	0.002634
chr1	3401415	3402053	0.007837
chr1	3402086	3403372	0.004666
chr1	3403393	3404505	0.008094
chr1	3404509	3405522	0.011846
chr1	3405519	3406280	0.011827
chr1	3406294	3407442	0.006098
chr1	3407469	3407900	0.002320
chr1	3408002	3408202	0.015000
chr1	3408308	3408649	0.008798
chr1	3408654	3410519	0.006971
chr1	3410565	3411086	0.013436
chr1	3411095	3411418	0.006192
chr1	3411432	3411818	0.005181
chr1	3411862	3413076	0.009061
chr1	3413106	3413597	0.006110
chr1	3413734	3414519	0.012739
chr1	3414512	3415291	0.015404
chr1	3416481	3417023	0.005535
chr1	3417141	3418058	0.008724
chr1	3418068	3419936	0.004818
chr1	3420006	3420335	0.000000
chr1	3420376	3421509	0.010591
chr1	3421512	3422555	0.003835
chr1	3422624	3423211	0.006814
chr1	3424736	3425800	0.006579
chr1	3425793	3426917	0.015125
chr1	3438389	3438931	0.014760
chr1	3438934	3442368	0.010775
chr1	3442390	3443604	0.010708
chr1	3443644	3443745	0.000000
chr1	3443808	3444722	0.005470
chr1	3455399	3456283	0.014706
chr1	3460653	3461813	0.011207
chr1	3461810	3462382	0.010490
chr1	3462512	3462832	0.003125
chr1	3462829	3463947	0.012522
chr1	3464031	3464816	0.015287
chr1	3464883	3465773	0.019101
chr1	3467672	3468520	0.018868
chr1	3471624	3472193	0.007030
chr1	3473806	3474654	0.008255
chr1	3475283	3476281	0.010020
chr1	3476394	3477296	0.008869
chr1	3487999	3488355	0.011236
chr1	3489773	3490213	0.006818
chr1	3492815	3493624	0.007417
chr1	3494470	3495243	0.011643
chr1	3495387	3496718	0.012772
chr1	3497028	3498050	0.007828
chr1	3498264	3499166	0.006652
chr1	3510525	3510929	0.009901
chr1	3511136	3511927	0.008850
chr1	3511961	3512710	0.002670
chr1	3512715	3513548	0.012005
chr1	3513589	3514671	0.004621
chr1	3514668	3515948	0.007031
chr1	3526553	3527134	0.012048
chr1	3530993	3531907	0.012035
chr1	3532186	3533454	0.011041
chr1	3534475	3535143	0.008982
chr1	3535870	3536319	0.008909
chr1	3536456	3536698	0.016529
chr1	3536695	3537171	0.010504
chr1	3537476	3538867	0.004313
chr1	3543516	3544463	0.010560
chr1	3545648	3546757	0.005410
chr1	3549127	3550236	0.015329
chr1	3550264	3550866	0.008306
chr1	3551022	3551753	0.004104
chr1	3551750	3552724	0.005133
chr1	3557421	3558518	0.005469
chr1	3566150	3567094	0.012712
chr1	3567146	3567421	0.010909
chr1	3567421	3567615	0.010309
chr1	3567645	3568091	0.006726
chr1	3568088	3568597	0.007859
chr1	3568590	3571421	0.009184
chr1	3571418	3572386	0.005165
chr1	3572466	3574148	0.005351
chr1	3574769	3575056	0.006969
chr1	3577097	3577654	0.016158
chr1	3579852	3580865	0.008885
chr1	3581010	3582002	0.003024
chr1	3584285	3585112	0.006046
chr1	3585215	3585694	0.008351
chr1	3590531	3590986	0.006593
chr1	3591090	3592040	0.014737
chr1	3592037	3592669	0.014241
chr1	3592801	3594018	0.005752
chr1	3594178	3596976	0.005004
chr1	3597147	3598067	0.004348
chr1	3598772	3600097	0.008302
chr1	3600683	3601594	0.003293
chr1	3601706	3602899	0.003353
chr1	3602945	3604192	0.007217
chr1	3604208	3605074	0.012702
chr1	3605078	3606019	0.007439
chr1	3606016	3607458	0.004854
chr1	3607451	3608521	0.006542
chr1	3608511	3609731	0.009836
chr1	3609725	3611074	0.007413
chr1	3611081	3612163	0.004621
chr1	3612164	3613534	0.003650
chr1	3613527	3614990	0.007519
chr1	3614990	3616717	0.004632
chr1	3616714	3617007	0.006826
chr1	3617004	3617948	0.002119
chr1	3617951	3618406	0.006593
chr1	3619318	3620184	0.004619
chr1	3623757	3624170	0.004843
chr1	3624184	3624801	0.004862
chr1	3624961	3625740	0.003851
chr1	3625740	3626951	0.013212
chr1	3626951	3627544	0.008432
chr1	3627799	3628191	0.005102
chr1	3628206	3628634	0.014019
chr1	3630167	3631306	0.007024
chr1	3632535	3633629	0.010969
chr1	3633831	3635177	0.005201
chr1	3635297	3635926	0.007949
chr1	3636890	3638785	0.012137
chr1	3638798	3639715	0.011996
chr1	3639848	3640606	0.009235
chr1	3642184	3643236	0.001901
chr1	3643349	3644659	0.012214
chr1	3644866	3645501	0.001575
chr1	3645693	3646958	0.009486
chr1	3646981	3647220	0.004184
chr1	3647339	3647647	0.003247
chr1	3647644	3648276	0.007911
chr1	3648291	3648761	0.010638
chr1	3648761	3649558	0.003764
chr1	3649558	3650367	0.007417
chr1	3660599	3661369	0.010390
chr1	3661420	3661848	0.009346
chr1	3669919	3670137	0.032110
chr1	3670134	3671411	0.001566
chr1	3671414	3672418	0.005976
chr1	3672415	3673119	0.005682
chr1	3673149	3674525	0.008721
chr1	3674537	3675280	0.013459
chr1	3675277	3677727	0.009796
chr1	3677740	3678009	0.026022
chr1	3678006	3678392	0.012953
chr1	3678389	3679459	0.016822
chr1	3679456	3679944	0.006148
chr1	3679941	3681947	0.007478
chr1	3682183	3682455	0.007353
chr1	3682452	3683396	0.010593
chr1	3683411	3684895	0.010108
chr1	3685778	3687784	0.006979
chr1	3688245	3688844	0.005008
chr1	3688841	3689386	0.007339
chr1	3689383	3689670	0.006969
chr1	3689667	3690305	0.012539
chr1	3690595	3691419	0.003641
chr1	3691470	3691751	0.007117
chr1	3691805	3692632	0.008464
chr1	3692956	3693303	0.002882
chr1	3693893	3694207	0.012739
chr1	3696018	3696227	0.009569
chr1	3696288	3698372	0.014875
chr1	3698454	3699281	0.009674
chr1	3700377	3701189	0.022167
chr1	3701186	3702907	0.008135
chr1	3702910	3704538	0.012899
chr1	3704531	3704635	0.009615
chr1	3704632	3706047	0.012014
chr1	3706191	3706493	0.009934
chr1	3706477	3706860	0.007833
chr1	3706998	3708197	0.009174
chr1	3709867	3710484	0.009724
chr1	3710490	3710768	0.000000
chr1	3710831	3712054	0.003271
chr1	3712115	3713116	0.004995
chr1	3713113	3714114	0.004995
chr1	3714134	3715279	0.001747
chr1	3715276	3717168	0.008985
chr1	3717179	3717646	0.023555
chr1	3717656	3718024	0.019022
chr1	3718076	3718735	0.013657
chr1	3718736	3720001	0.011067
chr1	3722331	3722918	0.020443
chr1	3722982	3723698	0.009777
chr1	3723695	3724054	0.011142
chr1	3728488	3729129	0.009360
chr1	3729266	3731164	0.007376
chr1	3737965	3738261	0.010135
chr1	3738254	3738883	0.004769
chr1	3738965	3740317	0.011095
chr1	3741050	3742633	0.009476
chr1	3745720	3746298	0.006920
chr1	3746340	3747353	0.012833
chr1	3747390	3748373	0.014242
chr1	3748391	3748741	0.002857
chr1	3748762	3749664	0.015521
chr1	3749848	3750657	0.011125
chr1	3750712	3751569	0.011669
chr1	3751574	3753544	0.005584
chr1	3753670	3755028	0.007364
chr1	3755215	3756264	0.010486
chr1	3756514	3757044	0.013208
chr1	3757079	3758380	0.009992
chr1	3758456	3759286	0.008434
chr1	3759283	3759483	0.010000
chr1	3759503	3760297	0.010076
chr1	3760297	3761331	0.006770
chr1	3761343	3762281	0.010661
chr1	3762297	3763082	0.005096
chr1	3763116	3764576	0.014384
chr1	3768233	3768430	0.010152
chr1	3768450	3768992	0.009225
chr1	3769109	3770041	0.011803
chr1	3778049	3778843	0.010076
chr1	3778843	3779256	0.009685
chr1	3779253	3779873	0.014516
chr1	3779985	3780629	0.010870
chr1	3780648	3781376	0.010989
chr1	3781391	3781918	0.013283
chr1	3781934	3782887	0.015740
chr1	3782884	3783363	0.008351
chr1	3783360	3783836	0.006303
chr1	3784152	3785231	0.012048
chr1	3785244	3785906	0.010574
chr1	3786252	3787367	0.008969
chr1	3787364	3787831	0.012848
chr1	3790272	3790613	0.008798
chr1	3794409	3795506	0.012762
chr1	3795509	3796192	0.013177
chr1	3796192	3796602	0.009756
chr1	3796614	3797162	0.016423
chr1	3797155	3798504	0.011861
chr1	3798501	3799274	0.014230
chr1	3800406	3801326	0.003261
chr1	3801319	3802203	0.004525
chr1	3802223	3802714	0.002037
chr1	3802724	3804118	0.005739
chr1	3807483	3807947	0.008621
chr1	3808068	3810191	0.005652
chr1	3810481	3810867	0.002591
chr1	3810912	3811913	0.009990
chr1	3811936	3812556	0.006452
chr1	3812574	3812963	0.007712
chr1	3812994	3813350	0.002809
chr1	3813484	3813600	0.000000
chr1	3813629	3814957	0.006024
chr1	3814958	3815389	0.006961
chr1	3815392	3815571	0.000000
chr1	3815574	3816074	0.004000
chr1	3816078	3816428	0.008571
chr1	3816440	3816973	0.001876
chr1	3816986	3817378	0.010204
chr1	3817564	3817869	0.013115
chr1	3817885	3818424	0.003711
chr1	3818444	3818758	0.015924
chr1	3818770	3819138	0.002717
chr1	3819162	3819428	0.003759
chr1	3819431	3819622	0.000000
chr1	3819622	3820035	0.009685
chr1	3820048	3820734	0.014577
chr1	3820748	3821080	0.009036
chr1	3821092	3821367	0.007273
chr1	3821384	3822208	0.006068
chr1	3822223	3822522	0.000000
chr1	3822519	3823121	0.008306
chr1	3823136	3823765	0.001590
chr1	3823849	3824160	0.012862
chr1	3824391	3825584	0.004191
chr1	3825615	3827750	0.002810
chr1	3827781	3828251	0.006383
chr1	3828356	3828727	0.005391
chr1	3828874	3833073	0.007859
chr1	3833137	3837210	0.006384
chr1	3837431	3837799	0.002717
chr1	3837880	3838380	0.002000
chr1	3838592	3839287	0.007194
chr1	3839287	3839718	0.016241
chr1	3839838	3840371	0.007505
chr1	3840381	3840749	0.002717
chr1	3840921	3842114	0.004191
chr1	3842625	3843311	0.004373
chr1	3843320	3844069	0.005340
chr1	3844059	3845054	0.008040
chr1	3847133	3847237	0.019231
chr1	3853266	3854465	0.005004
chr1	3857931	3858281	0.000000
chr1	3858354	3858764	0.000000
chr1	3858754	3859497	0.010767
chr1	3859494	3860528	0.004836
chr1	3865208	3866737	0.007194
chr1	3868395	3868817	0.009479
chr1	3869746	3870585	0.010727
chr1	3870582	3871628	0.011472
chr1	3871625	3872221	0.000000
chr1	3872492	3873154	0.007553
chr1	3879829	3881163	0.018741
chr1	3881583	3882263	0.011765
chr1	3882260	3882934	0.010386
chr1	3883301	3884761	0.012329
chr1	3884821	3886200	0.013053
chr1	3886278	3887426	0.008711
chr1	3887604	3888968	0.013930
chr1	3889072	3889899	0.012092
chr1	3890103	3891350	0.006415
chr1	3891505	3892536	0.003880
chr1	3892591	3893688	0.005469
chr1	3893950	3894579	0.004769
chr1	3894576	3896981	0.012890
chr1	3898106	3898867	0.009198
chr1	3898868	3899539	0.017884
chr1	3899536	3900561	0.013659
chr1	3915109	3915642	0.003752
chr1	3915633	3915989	0.014045
chr1	3916728	3917753	0.013659
chr1	3926132	3926587	0.000000
chr1	3926584	3927201	0.008104
chr1	3927191	3927598	0.007371
chr1	3927623	3928552	0.008611
chr1	3932413	3932625	0.004717
chr1	3932633	3932908	0.003636
chr1	3932921	3933271	0.000000
chr1	3934153	3935073	0.009783
chr1	3935144	3936925	0.003369
chr1	3937822	3938559	0.006784
chr1	3938562	3939014	0.000000
chr1	3939017	3939277	0.000000
chr1	3939274	3939726	0.002212
chr1	3939723	3940217	0.008097
chr1	3940214	3940465	0.007968
chr1	3940477	3944949	0.006038
chr1	3944951	3945829	0.010251
chr1	3945831	3946172	0.023460
chr1	3949311	3949907	0.003356
chr1	3949969	3950319	0.008571
chr1	3950337	3951752	0.003534
chr1	3951857	3954055	0.003185
chr1	3954048	3954584	0.007463
chr1	3954588	3954761	0.000000
chr1	3954990	3955418	0.007009
chr1	3955683	3957008	0.008302
chr1	3957581	3958003	0.004739
chr1	3958017	3958517	0.002000
chr1	3958519	3958947	0.007009
chr1	3960988	3962292	0.005368
chr1	3963326	3964651	0.006792
chr1	3965032	3967209	0.006431
chr1	3967199	3967414	0.000000
chr1	3967411	3967641	0.004348
chr1	3967650	3968471	0.004872
chr1	3968458	3970173	0.004665
chr1	3970176	3971057	0.009081
chr1	3971057	3971914	0.009335
chr1	3971918	3975544	0.004964
chr1	3975676	3976170	0.004049
chr1	3976174	3976950	0.006443
chr1	3976976	3977179	0.004926
chr1	3977167	3977640	0.010571
chr1	3977637	3978053	0.026442
chr1	3978060	3978311	0.003984
chr1	3978372	3979286	0.010941
chr1	3979292	3980392	0.005455
chr1	3980615	3981223	0.008224
chr1	3981343	3982674	0.013524
chr1	3982676	3984259	0.006317
chr1	3984256	3984444	0.015957
chr1	3984441	3986090	0.005458
chr1	3986631	3987131	0.016000
chr1	3987141	3987332	0.010471
chr1	3987439	3987843	0.012376
chr1	3987840	3988097	0.031128
chr1	3988094	3988522	0.004673
chr1	3988524	3989000	0.014706
chr1	3988939	3989286	0.008646
chr1	3989357	3989641	0.017606
chr1	3989692	3989892	0.010000
chr1	3990023	3990454	0.009281
chr1	3990454	3990849	0.007595
chr1	3990846	3991043	0.010152
chr1	3991040	3991321	0.014235
chr1	3991394	3992065	0.008942
chr1	3992145	3992363	0.009174
chr1	3992365	3992649	0.003521
chr1	3992651	3993289	0.006270
chr1	3993305	3993610	0.006557
chr1	3993600	3993929	0.003040
chr1	3993926	3994537	0.004910
chr1	3994534	3995274	0.001351
chr1	3995297	3997537	0.010268
chr1	3998070	3998513	0.006772
chr1	3998510	3998848	0.005917
chr1	3999886	4000830	0.009534
chr1	4000982	4001194	0.009434
chr1	4003282	4004106	0.008495
chr1	4005869	4006969	0.006364
chr1	4007053	4008348	0.007722
chr1	4008338	4008814	0.018908
chr1	4008944	4009945	0.009990
chr1	4011968	4012933	0.013472
chr1	4012986	4014059	0.009320
chr1	4018401	4019114	0.012623
chr1	4019342	4020877	0.007166
chr1	4021035	4022708	0.010759
chr1	4022723	4023658	0.014973
chr1	4023648	4024865	0.007395
chr1	4025741	4027519	0.002812
chr1	4027684	4027854	0.000000
chr1	4027888	4028019	0.022901
chr1	4028202	4028510	0.006494
chr1	4028842	4030647	0.006648
chr1	4030817	4031551	0.005450
chr1	4031604	4031903	0.006689
chr1	4032003	4032689	0.004373
chr1	4032749	4033594	0.016568
chr1	4033587	4034309	0.013850
chr1	4034302	4035471	0.010265
chr1	4035556	4036614	0.007561
chr1	4041383	4041901	0.017375
chr1	4041938	4042387	0.013363
chr1	4044996	4047062	0.011133
chr1	4050127	4051434	0.008416
chr1	4051599	4052105	0.017787
chr1	4052197	4053966	0.006783
chr1	4053973	4054233	0.003846
chr1	4054786	4055922	0.007923
chr1	4061274	4062329	0.012322
chr1	4062437	4063192	0.007947
chr1	4063591	4064031	0.015909
chr1	4064100	4064597	0.012072
chr1	4064745	4066043	0.009245
chr1	4067312	4068511	0.009174
chr1	4068884	4069747	0.003476
chr1	4070015	4070644	0.004769
chr1	4070637	4073660	0.009924
chr1	4073657	4073983	0.012270
chr1	4074297	4075547	0.004000
chr1	4075670	4076923	0.003192
chr1	4077614	4077913	0.016722
chr1	4079253	4080359	0.016275
chr1	4082103	4082732	0.004769
chr1	4083767	4085590	0.007680
chr1	4085875	4087449	0.008895
chr1	4093548	4093946	0.005025
chr1	4096158	4097303	0.007860
chr1	4097469	4098503	0.014507
chr1	4107883	4109226	0.009680
chr1	4109580	4110296	0.011173
chr1	4110364	4111158	0.003778
chr1	4111177	4111377	0.010000
chr1	4111480	4111851	0.008086
chr1	4112742	4113353	0.008183
chr1	4113416	4114270	0.009368
chr1	4114414	4115430	0.003937
chr1	4115430	4116098	0.001497
chr1	4116095	4117411	0.010638
chr1	4124382	4125041	0.009105
chr1	4132071	4133909	0.006529
chr1	4133998	4134336	0.005917
chr1	4134413	4134991	0.012111
chr1	4135108	4135920	0.012315
chr1	4136032	4136898	0.003464
chr1	4158313	4158960	0.020093
chr1	4159075	4159605	0.009434
chr1	4163915	4164442	0.015180
chr1	4164573	4165367	0.011335
chr1	4165367	4166167	0.005000
chr1	4166178	4166960	0.001279
chr1	4168058	4170337	0.005704
chr1	4170356	4170835	0.006263
chr1	4171820	4172260	0.009091
chr1	4172356	4173870	0.005945
chr1	4174861	4177080	0.015773
chr1	4178005	4178919	0.017505
chr1	4178991	4179338	0.002882
chr1	4179440	4180357	0.010905
chr1	4180441	4181106	0.013534
chr1	4181220	4182611	0.006470
chr1	4184417	4184908	0.008147
chr1	4184947	4185570	0.009631
chr1	4186705	4187646	0.007439
chr1	4188529	4189560	0.017459
chr1	4192394	4192747	0.005666
chr1	4193644	4194129	0.006186
chr1	4194158	4194418	0.007692
chr1	4194420	4194833	0.004843
chr1	4199526	4200281	0.003974
chr1	4200416	4201171	0.005298
chr1	4201469	4201675	0.004854
chr1	4202175	4202933	0.010554
chr1	4203011	4203748	0.002714
chr1	4203786	4204040	0.007874
chr1	4204040	4204678	0.004702
chr1	4204679	4205272	0.001686
chr1	4205420	4207078	0.006031
chr1	4212968	4215769	0.004641
chr1	4222364	4222618	0.015748
chr1	4229550	4230146	0.003356
chr1	4230499	4230663	0.006098
chr1	4230663	4231697	0.007737
chr1	4231694	4233721	0.004933
chr1	4234476	4235042	0.014134
chr1	4241839	4243017	0.011036
chr1	4257374	4257619	0.004082
chr1	4257643	4258899	0.005573
chr1	4258961	4259296	0.008955
chr1	4260019	4261344	0.004528
chr1	4264129	4265505	0.001453
chr1	4266590	4267645	0.008531
chr1	4267742	4269151	0.008517
chr1	4269160	4270578	0.004937
chr1	4270578	4271678	0.004545
chr1	4271669	4272886	0.018077
chr1	4272893	4274206	0.006855
chr1	4274203	4275390	0.013479
chr1	4275390	4277381	0.006529
chr1	4277396	4278160	0.022251
chr1	4278190	4279101	0.009879
chr1	4279101	4280555	0.013067
chr1	4280556	4281989	0.005583
chr1	4293450	4293917	0.006424
chr1	4296253	4296927	0.010386
chr1	4299420	4300757	0.006731
chr1	4301184	4302170	0.011156
chr1	4302270	4303460	0.002521
chr1	4306091	4306918	0.008464
chr1	4306915	4307754	0.009535
chr1	4308079	4309095	0.007874
chr1	4309412	4309627	0.004651
chr1	4309715	4310515	0.021250
chr1	4310512	4311306	0.020151
chr1	4311469	4312617	0.014808
chr1	4312710	4313675	0.011399
chr1	4313759	4314352	0.011804
chr1	4314511	4315149	0.003135
chr1	4315717	4316409	0.014451
chr1	4316409	4319057	0.009441
chr1	4319068	4319625	0.010772
chr1	4319892	4321949	0.005834
chr1	4321963	4323651	0.010071
chr1	4323662	4323751	0.011236
chr1	4324059	4325393	0.007496
chr1	4326144	4327385	0.006446
chr1	4327886	4328017	0.007634
chr1	4331707	4332522	0.007362
chr1	4332641	4333222	0.006885
chr1	4337771	4338463	0.005780
chr1	4339650	4340051	0.017456
chr1	4341978	4342502	0.009542
chr1	4345461	4346774	0.004570
chr1	4346926	4348293	0.007315
chr1	4348741	4350312	0.008275
chr1	4350739	4351815	0.007435
chr1	4355051	4356265	0.009885
chr1	4356542	4356697	0.006452
chr1	4356708	4356944	0.004237
chr1	4359001	4359675	0.002967
chr1	4368382	4368984	0.008306
chr1	4369005	4369646	0.010920
chr1	4370710	4371081	0.002695
chr1	4371108	4371827	0.002782
chr1	4377554	4378171	0.016207
chr1	4378309	4379109	0.010000
chr1	4379122	4379979	0.016336
chr1	4384655	4385407	0.006649
chr1	4385632	4386027	0.010127
chr1	4386178	4386450	0.014706
chr1	4386639	4387787	0.009582
chr1	4387911	4388300	0.010283
chr1	4388697	4390037	0.009701
chr1	4390100	4391419	0.007582
chr1	4391671	4392360	0.000000
chr1	4393074	4393964	0.006742
chr1	4394188	4394739	0.003630
chr1	4402034	4403257	0.005724
chr1	4403314	4404492	0.001698
chr1	4412849	4414486	0.015272
chr1	4414565	4415056	0.004073
chr1	4415202	4415924	0.009695
chr1	4415940	4417529	0.007552
chr1	4417486	4418712	0.008972
chr1	4418699	4419412	0.007013
chr1	4419423	4421411	0.005533
chr1	4421408	4422427	0.003925
chr1	4422431	4425145	0.008475
chr1	4425142	4428123	0.007380
chr1	4428193	4429533	0.007463
chr1	4429770	4430174	0.004950
chr1	4431165	4431905	0.006757
chr1	4433246	4434754	0.006631
chr1	4435023	4437581	0.007428
chr1	4437731	4438702	0.009269
chr1	4445564	4445986	0.007109
chr1	4447743	4448390	0.006182
chr1	4448450	4449421	0.004119
chr1	4456800	4458065	0.007905
chr1	4458065	4458406	0.014663
chr1	4468001	4468501	0.012000
chr1	4468498	4469040	0.012915
chr1	4471578	4472369	0.003793
chr1	4475824	4476126	0.013245
chr1	4476128	4477069	0.010627
chr1	4477658	4479469	0.005522
chr1	4479478	4480893	0.010601
chr1	4484103	4486340	0.007152
chr1	4486355	4486813	0.004367
chr1	4487025	4487237	0.014151
chr1	4487332	4488198	0.008083
chr1	4489926	4491167	0.007252
chr1	4491381	4492325	0.006356
chr1	4498188	4499042	0.010539
chr1	4499645	4502527	0.010409
chr1	4509489	4509959	0.017021
chr1	4510626	4511279	0.015314
chr1	4514417	4515679	0.011886
chr1	4515676	4516395	0.011127
chr1	4516968	4517342	0.008021
chr1	4518006	4518884	0.019362
chr1	4518919	4519899	0.014286
chr1	4520668	4521312	0.015528
chr1	4521312	4522517	0.012448
chr1	4522533	4523222	0.013062
chr1	4527468	4527722	0.019685
chr1	4527719	4527970	0.023904
chr1	4528125	4529027	0.006652
chr1	4530857	4532524	0.006599
chr1	4535039	4535551	0.003906
chr1	4535690	4536097	0.002457
chr1	4536094	4538121	0.007400
chr1	4538256	4539209	0.006296
chr1	4539835	4541175	0.007463
chr1	4541408	4543159	0.005711
chr1	4543200	4544384	0.011824
chr1	4544469	4545476	0.007944
chr1	4545473	4546501	0.012646
chr1	4546501	4547271	0.022078
chr1	4547271	4547849	0.005190
chr1	4548257	4548955	0.008596
chr1	4549456	4550175	0.008345
chr1	4550172	4551374	0.008319
chr1	4557923	4558903	0.002041
chr1	4559622	4560191	0.001757
chr1	4560275	4561018	0.016151
chr1	4562527	4564767	0.004911
chr1	4564811	4566040	0.008137
chr1	4566024	4566413	0.007712
chr1	4571103	4571870	0.009126
chr1	4571867	4572526	0.009105
chr1	4572616	4573617	0.004995
chr1	4573853	4577599	0.005072
chr1	4577674	4578723	0.007626
chr1	4580512	4580742	0.013043
chr1	4583871	4584617	0.008043
chr1	4585339	4585569	0.008696
chr1	4585675	4585794	0.000000
chr1	4585964	4589104	0.008917
chr1	4589127	4590425	0.007704
chr1	4590450	4591700	0.007200
chr1	4594984	4595175	0.000000
chr1	4595317	4596429	0.006295
chr1	4599544	4601208	0.006010
chr1	4601542	4603206	0.007812
chr1	4607340	4608800	0.015068
chr1	4608797	4610965	0.010609
chr1	4610962	4611699	0.016282
chr1	4612448	4613398	0.010526
chr1	4613941	4614867	0.006479
chr1	4617590	4618591	0.014985
chr1	4620576	4621667	0.003666
chr1	4630813	4631283	0.027660
chr1	4635464	4635838	0.002674
chr1	4637117	4637962	0.004734
chr1	4639015	4639857	0.010689
chr1	4641942	4642826	0.011312
chr1	4647951	4648745	0.010076
chr1	4648746	4649675	0.006459
chr1	4650001	4651053	0.012357
chr1	4651613	4652314	0.004280
chr1	4652405	4652995	0.005085
chr1	4653238	4653795	0.005386
chr1	4653789	4654160	0.005391
chr1	4654157	4654657	0.008000
chr1	4654654	4654980	0.000000
chr1	4655828	4656214	0.012953
chr1	4656211	4656501	0.017241
chr1	4656724	4657158	0.016129
chr1	4660430	4661044	0.013029
chr1	4661105	4662322	0.004930
chr1	4662319	4663227	0.012115
chr1	4663230	4664909	0.009529
chr1	4667995	4669617	0.006782
chr1	4669610	4671112	0.013981
chr1	4671114	4672724	0.004969
chr1	4672717	4674804	0.007667
chr1	4674791	4675618	0.006046
chr1	4675761	4677611	0.012432
chr1	4677622	4678392	0.005195
chr1	4678466	4679077	0.006547
chr1	4679134	4680492	0.007364
chr1	4680616	4681050	0.013825
chr1	4681130	4682506	0.008721
chr1	4682537	4683400	0.006952
chr1	4683449	4684993	0.009067
chr1	4685009	4685545	0.020522
chr1	4685558	4686028	0.002128
chr1	4686118	4686357	0.000000
chr1	4686430	4687281	0.008226
chr1	4687298	4687630	0.006024
chr1	4687830	4688699	0.010357
chr1	4688711	4689499	0.008883
chr1	4689511	4690155	0.009317
chr1	4690155	4692047	0.013214
chr1	4692764	4694131	0.008047
chr1	4694309	4696054	0.009169
chr1	4696057	4696302	0.000000
chr1	4696295	4696696	0.000000
chr1	4696713	4696847	0.000000
