chr1 0 50000 411
chr1 50000 100000 456
chr1 100000 150000 366
chr1 150000 200000 372
chr1 200000 250000 458
chr1 250000 300000 388
chr1 300000 350000 450
chr1 350000 400000 620
chr1 400000 450000 454
chr1 450000 500000 356
chr1 500000 550000 478
chr1 550000 600000 415
chr1 600000 650000 419
chr1 650000 700000 421
chr1 700000 750000 425
chr1 750000 800000 516
chr1 800000 850000 414
chr1 850000 900000 463
chr1 900000 950000 483
chr1 950000 1000000 260
chr1 1000000 1050000 454
chr1 1050000 1100000 370
chr1 1100000 1150000 411
chr1 1150000 1200000 382
chr1 1200000 1250000 502
chr1 1250000 1300000 321
chr1 1300000 1350000 539
chr1 1350000 1400000 378
chr1 1400000 1450000 442
chr1 1450000 1500000 441
chr1 1500000 1550000 385
chr1 1550000 1600000 423
chr1 1600000 1650000 450
chr1 1650000 1700000 400
chr1 1700000 1750000 374
chr1 1750000 1800000 307
chr1 1800000 1850000 244
chr1 1850000 1900000 346
chr1 1900000 1950000 496
chr1 1950000 2000000 377
chr1 2000000 2050000 372
chr1 2050000 2100000 426
chr1 2100000 2150000 417
chr1 2150000 2200000 390
chr1 2200000 2250000 317
chr1 2250000 2300000 395
chr1 2300000 2350000 359
chr1 2350000 2400000 372
chr1 2400000 2450000 356
chr1 2450000 2500000 376
chr1 2500000 2550000 422
chr1 2550000 2600000 372
chr1 2600000 2650000 354
chr1 2650000 2700000 388
chr1 2700000 2750000 385
chr1 2750000 2800000 373
chr1 2800000 2850000 339
chr1 2850000 2900000 428
chr1 2900000 2950000 393
chr1 2950000 3000000 445
chr1 3000000 3050000 462
chr1 3050000 3100000 410
chr1 3100000 3150000 399
chr1 3150000 3200000 369
chr1 3200000 3250000 360
chr1 3250000 3300000 379
chr1 3300000 3350000 335
chr1 3350000 3400000 436
chr1 3400000 3450000 435
chr1 3450000 3500000 456
chr1 3500000 3550000 462
chr1 3550000 3600000 340
chr1 3600000 3650000 381
chr1 3650000 3700000 475
chr1 3700000 3750000 411
chr1 3750000 3800000 515
chr1 3800000 3850000 304
chr1 3850000 3900000 448
chr1 3900000 3950000 406
chr1 3950000 4000000 416
chr1 4000000 4050000 457
chr1 4050000 4100000 374
chr1 4100000 4150000 454
chr1 4150000 4200000 450
chr1 4200000 4250000 392
chr1 4250000 4300000 349
chr1 4300000 4350000 438
chr1 4350000 4400000 513
chr1 4400000 4450000 418
chr1 4450000 4500000 573
chr1 4500000 4550000 465
chr1 4550000 4600000 366
chr1 4600000 4650000 426
chr1 4650000 4696984 435 # 4700000 409
