chr1 0 10000 52
chr1 10000 20000 81
chr1 20000 30000 105
chr1 30000 40000 79
chr1 40000 50000 94
chr1 50000 60000 86
chr1 60000 70000 113
chr1 70000 80000 85
chr1 80000 90000 85
chr1 90000 100000 87
chr1 100000 110000 71
chr1 110000 120000 73
chr1 120000 130000 80
chr1 130000 140000 83
chr1 140000 150000 59
chr1 150000 160000 64
chr1 160000 170000 62
chr1 170000 180000 83
chr1 180000 190000 61
chr1 190000 200000 102
chr1 200000 210000 83
chr1 210000 220000 97
chr1 220000 230000 91
chr1 230000 240000 115
chr1 240000 250000 72
chr1 250000 260000 81
chr1 260000 270000 73
chr1 270000 280000 48
chr1 280000 290000 92
chr1 290000 300000 94
chr1 300000 310000 86
chr1 310000 320000 62
chr1 320000 330000 136
chr1 330000 340000 96
chr1 340000 350000 70
chr1 350000 360000 129
chr1 360000 370000 172
chr1 370000 380000 120
chr1 380000 390000 90
chr1 390000 400000 109
chr1 400000 410000 122
chr1 410000 420000 92
chr1 420000 430000 83
chr1 430000 440000 71
chr1 440000 450000 86
chr1 450000 460000 36
chr1 460000 470000 45
chr1 470000 480000 67
chr1 480000 490000 88
chr1 490000 500000 120
chr1 500000 510000 84
chr1 510000 520000 95
chr1 520000 530000 91
chr1 530000 540000 120
chr1 540000 550000 88
chr1 550000 560000 105
chr1 560000 570000 97
chr1 570000 580000 73
chr1 580000 590000 55
chr1 590000 600000 85
chr1 600000 610000 89
chr1 610000 620000 83
chr1 620000 630000 78
chr1 630000 640000 77
chr1 640000 650000 92
chr1 650000 660000 104
chr1 660000 670000 108
chr1 670000 680000 69
chr1 680000 690000 69
chr1 690000 700000 71
chr1 700000 710000 88
chr1 710000 720000 86
chr1 720000 730000 43
chr1 730000 740000 92
chr1 740000 750000 116
chr1 750000 760000 149
chr1 760000 770000 85
chr1 770000 780000 104
chr1 780000 790000 92
chr1 790000 800000 86
chr1 800000 810000 99
chr1 810000 820000 84
chr1 820000 830000 100
chr1 830000 840000 57
chr1 840000 850000 74
chr1 850000 860000 91
chr1 860000 870000 79
chr1 870000 880000 119
chr1 880000 890000 82
chr1 890000 900000 92
chr1 900000 910000 105
chr1 910000 920000 86
chr1 920000 930000 104
chr1 930000 940000 99
chr1 940000 950000 89
chr1 950000 960000 62
chr1 960000 970000 58
chr1 970000 980000 52
chr1 980000 990000 31
chr1 990000 1000000 57
chr1 1000000 1010000 107
chr1 1010000 1020000 63
chr1 1020000 1030000 85
chr1 1030000 1040000 130
chr1 1040000 1050000 69
chr1 1050000 1060000 38
chr1 1060000 1070000 75
chr1 1070000 1080000 89
chr1 1080000 1090000 82
chr1 1090000 1100000 86
chr1 1100000 1110000 85
chr1 1110000 1120000 92
chr1 1120000 1130000 57
chr1 1130000 1140000 92
chr1 1140000 1150000 85
chr1 1150000 1160000 67
chr1 1160000 1170000 119
chr1 1170000 1180000 55
chr1 1180000 1190000 62
chr1 1190000 1200000 79
chr1 1200000 1210000 78
chr1 1210000 1220000 110
chr1 1220000 1230000 137
chr1 1230000 1240000 81
chr1 1240000 1250000 96
chr1 1250000 1260000 46
chr1 1260000 1270000 65
chr1 1270000 1280000 67
chr1 1280000 1290000 69
chr1 1290000 1300000 74
chr1 1300000 1310000 91
chr1 1310000 1320000 123
chr1 1320000 1330000 128
chr1 1330000 1340000 94
chr1 1340000 1350000 103
chr1 1350000 1360000 78
chr1 1360000 1370000 72
chr1 1370000 1380000 50
chr1 1380000 1390000 96
chr1 1390000 1400000 82
chr1 1400000 1410000 105
chr1 1410000 1420000 73
chr1 1420000 1430000 62
chr1 1430000 1440000 70
chr1 1440000 1450000 132
chr1 1450000 1460000 77
chr1 1460000 1470000 99
chr1 1470000 1480000 99
chr1 1480000 1490000 98
chr1 1490000 1500000 68
chr1 1500000 1510000 57
chr1 1510000 1520000 61
chr1 1520000 1530000 71
chr1 1530000 1540000 103
chr1 1540000 1550000 93
chr1 1550000 1560000 104
chr1 1560000 1570000 79
chr1 1570000 1580000 47
chr1 1580000 1590000 100
chr1 1590000 1600000 93
chr1 1600000 1610000 79
chr1 1610000 1620000 79
chr1 1620000 1630000 106
chr1 1630000 1640000 102
chr1 1640000 1650000 84
chr1 1650000 1660000 87
chr1 1660000 1670000 105
chr1 1670000 1680000 66
chr1 1680000 1690000 72
chr1 1690000 1700000 70
chr1 1700000 1710000 55
chr1 1710000 1720000 66
chr1 1720000 1730000 73
chr1 1730000 1740000 102
chr1 1740000 1750000 78
chr1 1750000 1760000 94
chr1 1760000 1770000 52
chr1 1770000 1780000 59
chr1 1780000 1790000 71
chr1 1790000 1800000 31
chr1 1800000 1810000 34
chr1 1810000 1820000 36
chr1 1820000 1830000 62
chr1 1830000 1840000 71
chr1 1840000 1850000 41
chr1 1850000 1860000 57
chr1 1860000 1870000 61
chr1 1870000 1880000 60
chr1 1880000 1890000 79
chr1 1890000 1900000 89
chr1 1900000 1910000 80
chr1 1910000 1920000 91
chr1 1920000 1930000 94
chr1 1930000 1940000 106
chr1 1940000 1950000 125
chr1 1950000 1960000 83
chr1 1960000 1970000 80
chr1 1970000 1980000 83
chr1 1980000 1990000 65
chr1 1990000 2000000 66
chr1 2000000 2010000 83
chr1 2010000 2020000 115
chr1 2020000 2030000 52
chr1 2030000 2040000 54
chr1 2040000 2050000 68
chr1 2050000 2060000 87
chr1 2060000 2070000 64
chr1 2070000 2080000 91
chr1 2080000 2090000 101
chr1 2090000 2100000 83
chr1 2100000 2110000 109
chr1 2110000 2120000 118
chr1 2120000 2130000 76
chr1 2130000 2140000 50
chr1 2140000 2150000 64
chr1 2150000 2160000 95
chr1 2160000 2170000 73
chr1 2170000 2180000 77
chr1 2180000 2190000 88
chr1 2190000 2200000 57
chr1 2200000 2210000 84
chr1 2210000 2220000 52
chr1 2220000 2230000 51
chr1 2230000 2240000 51
chr1 2240000 2250000 79
chr1 2250000 2260000 97
chr1 2260000 2270000 105
chr1 2270000 2280000 65
chr1 2280000 2290000 35
chr1 2290000 2300000 93
chr1 2300000 2310000 76
chr1 2310000 2320000 63
chr1 2320000 2330000 76
chr1 2330000 2340000 88
chr1 2340000 2350000 56
chr1 2350000 2360000 67
chr1 2360000 2370000 77
chr1 2370000 2380000 63
chr1 2380000 2390000 71
chr1 2390000 2400000 94
chr1 2400000 2410000 67
chr1 2410000 2420000 93
chr1 2420000 2430000 67
chr1 2430000 2440000 64
chr1 2440000 2450000 65
chr1 2450000 2460000 56
chr1 2460000 2470000 67
chr1 2470000 2480000 88
chr1 2480000 2490000 59
chr1 2490000 2500000 106
chr1 2500000 2510000 66
chr1 2510000 2520000 96
chr1 2520000 2530000 93
chr1 2530000 2540000 115
chr1 2540000 2550000 52
chr1 2550000 2560000 57
chr1 2560000 2570000 86
chr1 2570000 2580000 78
chr1 2580000 2590000 73
chr1 2590000 2600000 78
chr1 2600000 2610000 63
chr1 2610000 2620000 82
chr1 2620000 2630000 78
chr1 2630000 2640000 55
chr1 2640000 2650000 76
chr1 2650000 2660000 61
chr1 2660000 2670000 93
chr1 2670000 2680000 72
chr1 2680000 2690000 71
chr1 2690000 2700000 91
chr1 2700000 2710000 75
chr1 2710000 2720000 65
chr1 2720000 2730000 66
chr1 2730000 2740000 101
chr1 2740000 2750000 78
chr1 2750000 2760000 82
chr1 2760000 2770000 79
chr1 2770000 2780000 81
chr1 2780000 2790000 72
chr1 2790000 2800000 59
chr1 2800000 2810000 54
chr1 2810000 2820000 70
chr1 2820000 2830000 78
chr1 2830000 2840000 67
chr1 2840000 2850000 70
chr1 2850000 2860000 115
chr1 2860000 2870000 89
chr1 2870000 2880000 55
chr1 2880000 2890000 81
chr1 2890000 2900000 88
chr1 2900000 2910000 93
chr1 2910000 2920000 91
chr1 2920000 2930000 71
chr1 2930000 2940000 78
chr1 2940000 2950000 60
chr1 2950000 2960000 87
chr1 2960000 2970000 81
chr1 2970000 2980000 104
chr1 2980000 2990000 79
chr1 2990000 3000000 94
chr1 3000000 3010000 102
chr1 3010000 3020000 76
chr1 3020000 3030000 114
chr1 3030000 3040000 111
chr1 3040000 3050000 59
chr1 3050000 3060000 67
chr1 3060000 3070000 74
chr1 3070000 3080000 75
chr1 3080000 3090000 102
chr1 3090000 3100000 92
chr1 3100000 3110000 97
chr1 3110000 3120000 95
chr1 3120000 3130000 79
chr1 3130000 3140000 67
chr1 3140000 3150000 61
chr1 3150000 3160000 77
chr1 3160000 3170000 60
chr1 3170000 3180000 69
chr1 3180000 3190000 84
chr1 3190000 3200000 79
chr1 3200000 3210000 96
chr1 3210000 3220000 56
chr1 3220000 3230000 56
chr1 3230000 3240000 88
chr1 3240000 3250000 64
chr1 3250000 3260000 72
chr1 3260000 3270000 85
chr1 3270000 3280000 57
chr1 3280000 3290000 85
chr1 3290000 3300000 80
chr1 3300000 3310000 60
chr1 3310000 3320000 63
chr1 3320000 3330000 73
chr1 3330000 3340000 53
chr1 3340000 3350000 86
chr1 3350000 3360000 99
chr1 3360000 3370000 70
chr1 3370000 3380000 82
chr1 3380000 3390000 103
chr1 3390000 3400000 82
chr1 3400000 3410000 85
chr1 3410000 3420000 76
chr1 3420000 3430000 72
chr1 3430000 3440000 82
chr1 3440000 3450000 120
chr1 3450000 3460000 69
chr1 3460000 3470000 93
chr1 3470000 3480000 86
chr1 3480000 3490000 80
chr1 3490000 3500000 128
chr1 3500000 3510000 109
chr1 3510000 3520000 123
chr1 3520000 3530000 65
chr1 3530000 3540000 84
chr1 3540000 3550000 81
chr1 3550000 3560000 74
chr1 3560000 3570000 37
chr1 3570000 3580000 79
chr1 3580000 3590000 87
chr1 3590000 3600000 63
chr1 3600000 3610000 71
chr1 3610000 3620000 98
chr1 3620000 3630000 67
chr1 3630000 3640000 60
chr1 3640000 3650000 85
chr1 3650000 3660000 92
chr1 3660000 3670000 89
chr1 3670000 3680000 92
chr1 3680000 3690000 125
chr1 3690000 3700000 77
chr1 3700000 3710000 81
chr1 3710000 3720000 63
chr1 3720000 3730000 72
chr1 3730000 3740000 117
chr1 3740000 3750000 78
chr1 3750000 3760000 75
chr1 3760000 3770000 71
chr1 3770000 3780000 111
chr1 3780000 3790000 122
chr1 3790000 3800000 136
chr1 3800000 3810000 76
chr1 3810000 3820000 81
chr1 3820000 3830000 51
chr1 3830000 3840000 47
chr1 3840000 3850000 49
chr1 3850000 3860000 42
chr1 3860000 3870000 120
chr1 3870000 3880000 117
chr1 3880000 3890000 81
chr1 3890000 3900000 88
chr1 3900000 3910000 94
chr1 3910000 3920000 111
chr1 3920000 3930000 55
chr1 3930000 3940000 78
chr1 3940000 3950000 68
chr1 3950000 3960000 69
chr1 3960000 3970000 100
chr1 3970000 3980000 77
chr1 3980000 3990000 86
chr1 3990000 4000000 84
chr1 4000000 4010000 78
chr1 4010000 4020000 79
chr1 4020000 4030000 107
chr1 4030000 4040000 105
chr1 4040000 4050000 88
chr1 4050000 4060000 63
chr1 4060000 4070000 66
chr1 4070000 4080000 82
chr1 4080000 4090000 101
chr1 4090000 4100000 62
chr1 4100000 4110000 108
chr1 4110000 4120000 99
chr1 4120000 4130000 113
chr1 4130000 4140000 69
chr1 4140000 4150000 65
chr1 4150000 4160000 85
chr1 4160000 4170000 85
chr1 4170000 4180000 88
chr1 4180000 4190000 84
chr1 4190000 4200000 108
chr1 4200000 4210000 83
chr1 4210000 4220000 77
chr1 4220000 4230000 86
chr1 4230000 4240000 66
chr1 4240000 4250000 80
chr1 4250000 4260000 70
chr1 4260000 4270000 59
chr1 4270000 4280000 95
chr1 4280000 4290000 69
chr1 4290000 4300000 56
chr1 4300000 4310000 65
chr1 4310000 4320000 127
chr1 4320000 4330000 81
chr1 4330000 4340000 72
chr1 4340000 4350000 93
chr1 4350000 4360000 93
chr1 4360000 4370000 103
chr1 4370000 4380000 115
chr1 4380000 4390000 127
chr1 4390000 4400000 75
chr1 4400000 4410000 77
chr1 4410000 4420000 112
chr1 4420000 4430000 69
chr1 4430000 4440000 82
chr1 4440000 4450000 78
chr1 4450000 4460000 114
chr1 4460000 4470000 123
chr1 4470000 4480000 132
chr1 4480000 4490000 100
chr1 4490000 4500000 104
chr1 4500000 4510000 100
chr1 4510000 4520000 115
chr1 4520000 4530000 77
chr1 4530000 4540000 59
chr1 4540000 4550000 114
chr1 4550000 4560000 94
chr1 4560000 4570000 83
chr1 4570000 4580000 55
chr1 4580000 4590000 64
chr1 4590000 4600000 70
chr1 4600000 4610000 90
chr1 4610000 4620000 62
chr1 4620000 4630000 78
chr1 4630000 4640000 114
chr1 4640000 4650000 82
chr1 4650000 4660000 89
chr1 4660000 4670000 108
chr1 4670000 4680000 61
chr1 4680000 4690000 102
chr1 4690000 4696984 70 # 4700000 49
