chr1 0 10000 89
chr1 10000 20000 101
chr1 20000 30000 99
chr1 30000 40000 109
chr1 40000 50000 82
chr1 50000 60000 79
chr1 60000 70000 87
chr1 70000 80000 96
chr1 80000 90000 112
chr1 90000 100000 59
chr1 100000 110000 90
chr1 110000 120000 67
chr1 120000 130000 102
chr1 130000 140000 81
chr1 140000 150000 59
chr1 150000 160000 55
chr1 160000 170000 56
chr1 170000 180000 120
chr1 180000 190000 103
chr1 190000 200000 107
chr1 200000 210000 136
chr1 210000 220000 117
chr1 220000 230000 84
chr1 230000 240000 87
chr1 240000 250000 118
chr1 250000 260000 104
chr1 260000 270000 98
chr1 270000 280000 94
chr1 280000 290000 85
chr1 290000 300000 94
chr1 300000 310000 86
chr1 310000 320000 63
chr1 320000 330000 75
chr1 330000 340000 50
chr1 340000 350000 81
chr1 350000 360000 110
chr1 360000 370000 116
chr1 370000 380000 116
chr1 380000 390000 103
chr1 390000 400000 86
chr1 400000 410000 77
chr1 410000 420000 124
chr1 420000 430000 137
chr1 430000 440000 68
chr1 440000 450000 77
chr1 450000 460000 83
chr1 460000 470000 83
chr1 470000 480000 74
chr1 480000 490000 83
chr1 490000 500000 85
chr1 500000 510000 105
chr1 510000 520000 119
chr1 520000 530000 91
chr1 530000 540000 102
chr1 540000 550000 97
chr1 550000 560000 137
chr1 560000 570000 79
chr1 570000 580000 42
chr1 580000 590000 59
chr1 590000 600000 86
chr1 600000 610000 109
chr1 610000 620000 98
chr1 620000 630000 65
chr1 630000 640000 89
chr1 640000 650000 88
chr1 650000 660000 109
chr1 660000 670000 99
chr1 670000 680000 107
chr1 680000 690000 83
chr1 690000 700000 71
chr1 700000 710000 105
chr1 710000 720000 69
chr1 720000 730000 80
chr1 730000 740000 97
chr1 740000 750000 117
chr1 750000 760000 99
chr1 760000 770000 76
chr1 770000 780000 117
chr1 780000 790000 95
chr1 790000 800000 63
chr1 800000 810000 98
chr1 810000 820000 85
chr1 820000 830000 87
chr1 830000 840000 54
chr1 840000 850000 71
chr1 850000 860000 115
chr1 860000 870000 100
chr1 870000 880000 98
chr1 880000 890000 79
chr1 890000 900000 70
chr1 900000 910000 71
chr1 910000 920000 77
chr1 920000 930000 87
chr1 930000 940000 102
chr1 940000 950000 107
chr1 950000 960000 82
chr1 960000 970000 74
chr1 970000 980000 46
chr1 980000 990000 63
chr1 990000 1000000 76
chr1 1000000 1010000 89
chr1 1010000 1020000 91
chr1 1020000 1030000 101
chr1 1030000 1040000 100
chr1 1040000 1050000 78
chr1 1050000 1060000 49
chr1 1060000 1070000 81
chr1 1070000 1080000 76
chr1 1080000 1090000 76
chr1 1090000 1100000 98
chr1 1100000 1110000 57
chr1 1110000 1120000 75
chr1 1120000 1130000 81
chr1 1130000 1140000 109
chr1 1140000 1150000 87
chr1 1150000 1160000 80
chr1 1160000 1170000 80
chr1 1170000 1180000 105
chr1 1180000 1190000 82
chr1 1190000 1200000 78
chr1 1200000 1210000 75
chr1 1210000 1220000 112
chr1 1220000 1230000 101
chr1 1230000 1240000 81
chr1 1240000 1250000 77
chr1 1250000 1260000 44
chr1 1260000 1270000 79
chr1 1270000 1280000 93
chr1 1280000 1290000 78
chr1 1290000 1300000 91
chr1 1300000 1310000 69
chr1 1310000 1320000 64
chr1 1320000 1330000 97
chr1 1330000 1340000 94
chr1 1340000 1350000 106
chr1 1350000 1360000 70
chr1 1360000 1370000 67
chr1 1370000 1380000 69
chr1 1380000 1390000 107
chr1 1390000 1400000 102
chr1 1400000 1410000 92
chr1 1410000 1420000 78
chr1 1420000 1430000 124
chr1 1430000 1440000 96
chr1 1440000 1450000 108
chr1 1450000 1460000 64
chr1 1460000 1470000 72
chr1 1470000 1480000 83
chr1 1480000 1490000 76
chr1 1490000 1500000 61
chr1 1500000 1510000 75
chr1 1510000 1520000 83
chr1 1520000 1530000 58
chr1 1530000 1540000 80
chr1 1540000 1550000 62
chr1 1550000 1560000 102
chr1 1560000 1570000 101
chr1 1570000 1580000 77
chr1 1580000 1590000 88
chr1 1590000 1600000 93
chr1 1600000 1610000 101
chr1 1610000 1620000 101
chr1 1620000 1630000 98
chr1 1630000 1640000 87
chr1 1640000 1650000 58
chr1 1650000 1660000 78
chr1 1660000 1670000 74
chr1 1670000 1680000 98
chr1 1680000 1690000 122
chr1 1690000 1700000 86
chr1 1700000 1710000 63
chr1 1710000 1720000 63
chr1 1720000 1730000 81
chr1 1730000 1740000 79
chr1 1740000 1750000 60
chr1 1750000 1760000 89
chr1 1760000 1770000 74
chr1 1770000 1780000 54
chr1 1780000 1790000 75
chr1 1790000 1800000 60
chr1 1800000 1810000 38
chr1 1810000 1820000 44
chr1 1820000 1830000 65
chr1 1830000 1840000 86
chr1 1840000 1850000 66
chr1 1850000 1860000 62
chr1 1860000 1870000 76
chr1 1870000 1880000 53
chr1 1880000 1890000 63
chr1 1890000 1900000 80
chr1 1900000 1910000 85
chr1 1910000 1920000 97
chr1 1920000 1930000 82
chr1 1930000 1940000 69
chr1 1940000 1950000 88
chr1 1950000 1960000 84
chr1 1960000 1970000 75
chr1 1970000 1980000 83
chr1 1980000 1990000 49
chr1 1990000 2000000 86
chr1 2000000 2010000 68
chr1 2010000 2020000 81
chr1 2020000 2030000 89
chr1 2030000 2040000 56
chr1 2040000 2050000 57
chr1 2050000 2060000 104
chr1 2060000 2070000 64
chr1 2070000 2080000 75
chr1 2080000 2090000 88
chr1 2090000 2100000 66
chr1 2100000 2110000 134
chr1 2110000 2120000 121
chr1 2120000 2130000 68
chr1 2130000 2140000 90
chr1 2140000 2150000 83
chr1 2150000 2160000 63
chr1 2160000 2170000 84
chr1 2170000 2180000 76
chr1 2180000 2190000 86
chr1 2190000 2200000 80
chr1 2200000 2210000 80
chr1 2210000 2220000 44
chr1 2220000 2230000 47
chr1 2230000 2240000 67
chr1 2240000 2250000 52
chr1 2250000 2260000 73
chr1 2260000 2270000 76
chr1 2270000 2280000 67
chr1 2280000 2290000 41
chr1 2290000 2300000 75
chr1 2300000 2310000 67
chr1 2310000 2320000 54
chr1 2320000 2330000 44
chr1 2330000 2340000 47
chr1 2340000 2350000 83
chr1 2350000 2360000 68
chr1 2360000 2370000 74
chr1 2370000 2380000 93
chr1 2380000 2390000 70
chr1 2390000 2400000 89
chr1 2400000 2410000 111
chr1 2410000 2420000 73
chr1 2420000 2430000 106
chr1 2430000 2440000 67
chr1 2440000 2450000 63
chr1 2450000 2460000 62
chr1 2460000 2470000 84
chr1 2470000 2480000 58
chr1 2480000 2490000 93
chr1 2490000 2500000 90
chr1 2500000 2510000 89
chr1 2510000 2520000 98
chr1 2520000 2530000 57
chr1 2530000 2540000 73
chr1 2540000 2550000 65
chr1 2550000 2560000 65
chr1 2560000 2570000 63
chr1 2570000 2580000 72
chr1 2580000 2590000 66
chr1 2590000 2600000 69
chr1 2600000 2610000 72
chr1 2610000 2620000 103
chr1 2620000 2630000 66
chr1 2630000 2640000 79
chr1 2640000 2650000 55
chr1 2650000 2660000 30
chr1 2660000 2670000 86
chr1 2670000 2680000 76
chr1 2680000 2690000 77
chr1 2690000 2700000 68
chr1 2700000 2710000 41
chr1 2710000 2720000 38
chr1 2720000 2730000 82
chr1 2730000 2740000 93
chr1 2740000 2750000 68
chr1 2750000 2760000 66
chr1 2760000 2770000 68
chr1 2770000 2780000 100
chr1 2780000 2790000 64
chr1 2790000 2800000 71
chr1 2800000 2810000 59
chr1 2810000 2820000 46
chr1 2820000 2830000 75
chr1 2830000 2840000 63
chr1 2840000 2850000 52
chr1 2850000 2860000 81
chr1 2860000 2870000 69
chr1 2870000 2880000 68
chr1 2880000 2890000 103
chr1 2890000 2900000 89
chr1 2900000 2910000 102
chr1 2910000 2920000 80
chr1 2920000 2930000 77
chr1 2930000 2940000 64
chr1 2940000 2950000 74
chr1 2950000 2960000 72
chr1 2960000 2970000 90
chr1 2970000 2980000 78
chr1 2980000 2990000 92
chr1 2990000 3000000 101
chr1 3000000 3010000 57
chr1 3010000 3020000 54
chr1 3020000 3030000 106
chr1 3030000 3040000 93
chr1 3040000 3050000 86
chr1 3050000 3060000 86
chr1 3060000 3070000 60
chr1 3070000 3080000 51
chr1 3080000 3090000 102
chr1 3090000 3100000 89
chr1 3100000 3110000 95
chr1 3110000 3120000 114
chr1 3120000 3130000 95
chr1 3130000 3140000 71
chr1 3140000 3150000 81
chr1 3150000 3160000 105
chr1 3160000 3170000 72
chr1 3170000 3180000 75
chr1 3180000 3190000 68
chr1 3190000 3200000 84
chr1 3200000 3210000 99
chr1 3210000 3220000 72
chr1 3220000 3230000 43
chr1 3230000 3240000 55
chr1 3240000 3250000 99
chr1 3250000 3260000 96
chr1 3260000 3270000 64
chr1 3270000 3280000 58
chr1 3280000 3290000 87
chr1 3290000 3300000 44
chr1 3300000 3310000 48
chr1 3310000 3320000 70
chr1 3320000 3330000 88
chr1 3330000 3340000 63
chr1 3340000 3350000 52
chr1 3350000 3360000 87
chr1 3360000 3370000 49
chr1 3370000 3380000 71
chr1 3380000 3390000 114
chr1 3390000 3400000 95
chr1 3400000 3410000 75
chr1 3410000 3420000 76
chr1 3420000 3430000 83
chr1 3430000 3440000 84
chr1 3440000 3450000 103
chr1 3450000 3460000 109
chr1 3460000 3470000 115
chr1 3470000 3480000 87
chr1 3480000 3490000 72
chr1 3490000 3500000 82
chr1 3500000 3510000 104
chr1 3510000 3520000 86
chr1 3520000 3530000 90
chr1 3530000 3540000 85
chr1 3540000 3550000 109
chr1 3550000 3560000 68
chr1 3560000 3570000 66
chr1 3570000 3580000 68
chr1 3580000 3590000 68
chr1 3590000 3600000 73
chr1 3600000 3610000 64
chr1 3610000 3620000 56
chr1 3620000 3630000 94
chr1 3630000 3640000 90
chr1 3640000 3650000 65
chr1 3650000 3660000 126
chr1 3660000 3670000 98
chr1 3670000 3680000 97
chr1 3680000 3690000 94
chr1 3690000 3700000 101
chr1 3700000 3710000 106
chr1 3710000 3720000 81
chr1 3720000 3730000 121
chr1 3730000 3740000 73
chr1 3740000 3750000 101
chr1 3750000 3760000 97
chr1 3760000 3770000 106
chr1 3770000 3780000 102
chr1 3780000 3790000 121
chr1 3790000 3800000 109
chr1 3800000 3810000 54
chr1 3810000 3820000 64
chr1 3820000 3830000 57
chr1 3830000 3840000 76
chr1 3840000 3850000 62
chr1 3850000 3860000 34
chr1 3860000 3870000 69
chr1 3870000 3880000 87
chr1 3880000 3890000 119
chr1 3890000 3900000 103
chr1 3900000 3910000 72
chr1 3910000 3920000 120
chr1 3920000 3930000 56
chr1 3930000 3940000 55
chr1 3940000 3950000 71
chr1 3950000 3960000 52
chr1 3960000 3970000 76
chr1 3970000 3980000 76
chr1 3980000 3990000 95
chr1 3990000 4000000 79
chr1 4000000 4010000 93
chr1 4010000 4020000 116
chr1 4020000 4030000 72
chr1 4030000 4040000 97
chr1 4040000 4050000 100
chr1 4050000 4060000 89
chr1 4060000 4070000 93
chr1 4070000 4080000 93
chr1 4080000 4090000 75
chr1 4090000 4100000 73
chr1 4100000 4110000 110
chr1 4110000 4120000 73
chr1 4120000 4130000 77
chr1 4130000 4140000 74
chr1 4140000 4150000 58
chr1 4150000 4160000 87
chr1 4160000 4170000 76
chr1 4170000 4180000 121
chr1 4180000 4190000 83
chr1 4190000 4200000 72
chr1 4200000 4210000 62
chr1 4210000 4220000 81
chr1 4220000 4230000 67
chr1 4230000 4240000 76
chr1 4240000 4250000 80
chr1 4250000 4260000 76
chr1 4260000 4270000 65
chr1 4270000 4280000 107
chr1 4280000 4290000 86
chr1 4290000 4300000 67
chr1 4300000 4310000 71
chr1 4310000 4320000 116
chr1 4320000 4330000 70
chr1 4330000 4340000 71
chr1 4340000 4350000 83
chr1 4350000 4360000 106
chr1 4360000 4370000 78
chr1 4370000 4380000 90
chr1 4380000 4390000 95
chr1 4390000 4400000 51
chr1 4400000 4410000 78
chr1 4410000 4420000 82
chr1 4420000 4430000 72
chr1 4430000 4440000 74
chr1 4440000 4450000 91
chr1 4450000 4460000 91
chr1 4460000 4470000 99
chr1 4470000 4480000 80
chr1 4480000 4490000 95
chr1 4490000 4500000 89
chr1 4500000 4510000 151
chr1 4510000 4520000 119
chr1 4520000 4530000 110
chr1 4530000 4540000 67
chr1 4540000 4550000 100
chr1 4550000 4560000 92
chr1 4560000 4570000 74
chr1 4570000 4580000 59
chr1 4580000 4590000 84
chr1 4590000 4600000 46
chr1 4600000 4610000 110
chr1 4610000 4620000 113
chr1 4620000 4630000 94
chr1 4630000 4640000 114
chr1 4640000 4650000 86
chr1 4650000 4660000 87
chr1 4660000 4670000 77
chr1 4670000 4680000 87
chr1 4680000 4690000 90
chr1 4690000 4696984 84 # 4700000 59
