chr1 0 50000 480
chr1 50000 100000 433
chr1 100000 150000 399
chr1 150000 200000 441
chr1 200000 250000 542
chr1 250000 300000 475
chr1 300000 350000 355
chr1 350000 400000 531
chr1 400000 450000 483
chr1 450000 500000 408
chr1 500000 550000 514
chr1 550000 600000 403
chr1 600000 650000 449
chr1 650000 700000 469
chr1 700000 750000 468
chr1 750000 800000 450
chr1 800000 850000 395
chr1 850000 900000 462
chr1 900000 950000 444
chr1 950000 1000000 341
chr1 1000000 1050000 459
chr1 1050000 1100000 380
chr1 1100000 1150000 409
chr1 1150000 1200000 425
chr1 1200000 1250000 446
chr1 1250000 1300000 385
chr1 1300000 1350000 430
chr1 1350000 1400000 415
chr1 1400000 1450000 498
chr1 1450000 1500000 356
chr1 1500000 1550000 358
chr1 1550000 1600000 461
chr1 1600000 1650000 445
chr1 1650000 1700000 458
chr1 1700000 1750000 346
chr1 1750000 1800000 352
chr1 1800000 1850000 299
chr1 1850000 1900000 334
chr1 1900000 1950000 421
chr1 1950000 2000000 377
chr1 2000000 2050000 351
chr1 2050000 2100000 397
chr1 2100000 2150000 496
chr1 2150000 2200000 389
chr1 2200000 2250000 290
chr1 2250000 2300000 332
chr1 2300000 2350000 295
chr1 2350000 2400000 394
chr1 2400000 2450000 420
chr1 2450000 2500000 387
chr1 2500000 2550000 382
chr1 2550000 2600000 335
chr1 2600000 2650000 375
chr1 2650000 2700000 337
chr1 2700000 2750000 322
chr1 2750000 2800000 369
chr1 2800000 2850000 295
chr1 2850000 2900000 410
chr1 2900000 2950000 397
chr1 2950000 3000000 433
chr1 3000000 3050000 396
chr1 3050000 3100000 388
chr1 3100000 3150000 456
chr1 3150000 3200000 404
chr1 3200000 3250000 368
chr1 3250000 3300000 349
chr1 3300000 3350000 321
chr1 3350000 3400000 416
chr1 3400000 3450000 421
chr1 3450000 3500000 465
chr1 3500000 3550000 474
chr1 3550000 3600000 343
chr1 3600000 3650000 369
chr1 3650000 3700000 516
chr1 3700000 3750000 482
chr1 3750000 3800000 535
chr1 3800000 3850000 313
chr1 3850000 3900000 412
chr1 3900000 3950000 374
chr1 3950000 4000000 378
chr1 4000000 4050000 478
chr1 4050000 4100000 423
chr1 4100000 4150000 392
chr1 4150000 4200000 439
chr1 4200000 4250000 366
chr1 4250000 4300000 401
chr1 4300000 4350000 411
chr1 4350000 4400000 420
chr1 4400000 4450000 397
chr1 4450000 4500000 454
chr1 4500000 4550000 547
chr1 4550000 4600000 355
chr1 4600000 4650000 517
chr1 4650000 4696984 425 # 4700000 400
